Input-Hidden -0.290502 -0.150958 -1.47854 1.3517 0.955443
Input-Hidden -1.19294 0.3426 -1.12078 1.24878 1.36532
Input-Hidden -0.742149 -0.0296276 -0.621729 0.459379 0.467673
Input-Hidden 0.0326155 -0.249511 -0.113452 0.456287 0.665878
Input-Hidden -0.224959 -0.0507642 -0.0876456 0.157094 0.656273
Input-Hidden -0.122168 0.104801 -0.705281 -0.276691 0.333934
Input-Hidden -0.0237123 -0.306539 -0.0881815 0.530396 0.437395
Input-Hidden 0.0486375 -0.109349 -0.501087 0.215475 -0.193593
Input-Hidden -0.117374 -0.370075 -0.447334 0.630037 0.0647508
Input-Hidden -0.642028 -0.12647 -0.159198 0.543981 0.810686
Input-Hidden -0.0828931 -0.395441 -0.819518 0.282337 0.717632
Input-Hidden -0.766956 0.0162035 -0.655289 0.282113 0.413206
Input-Hidden 0.00443866 -0.111586 0.091418 0.444545 0.524902
Input-Hidden -0.153749 -0.323298 -0.408251 0.0163613 0.0790419
Input-Hidden -0.294684 0.331802 -0.272514 -0.0766457 0.632616
Input-Hidden -0.531658 -0.206595 -0.606357 0.495827 0.597484
Input-Hidden -0.179847 0.47018 0.156778 -0.142892 0.0204387
Input-Hidden 0.108271 0.267066 0.0617899 -0.26121 0.23905
Input-Hidden 0.309834 0.522728 0.249679 -0.240688 -0.0999778
Input-Hidden 0.0582738 -0.213485 0.189752 0.269339 0.141141
Input-Hidden 0.0468371 0.00206457 -0.425547 -0.0142712 0.236667
Input-Hidden 0.0297397 0.18394 -0.557504 0.228598 0.242949
Input-Hidden -0.341877 -0.210051 0.175489 -0.231442 -0.285891
Input-Hidden -0.32836 0.490881 -0.547115 -0.046695 -0.209156
Input-Hidden 0.132651 -0.087736 0.0789987 -0.231574 0.575271
Input-Hidden -0.256261 0.0653129 -0.464505 0.43601 0.72768
Input-Hidden -0.4879 0.441011 0.0564282 -0.112064 0.39377
Input-Hidden -0.290162 -0.128407 0.140853 0.0775271 0.21539
Input-Hidden 0.255366 -0.0468879 -0.375034 0.441921 0.0695263
Input-Hidden -0.0466796 0.349723 -0.692661 -0.00921782 0.37786
Input-Hidden -0.238468 -0.245794 -0.255848 0.489926 0.14701
Input-Hidden -0.00393335 -0.321235 -0.645403 0.382931 0.566602
Input-Hidden -0.715411 0.419857 -0.545492 0.0628756 0.0464606
Input-Hidden -0.528497 -0.364278 0.0433164 0.546541 0.558921
Input-Hidden -0.683639 -0.049896 -0.0162855 0.130032 -0.229547
Input-Hidden -0.347972 -0.184818 -0.0716425 0.253644 0.0369732
Input-Hidden 0.00138883 0.162819 -0.109727 0.578207 0.652179
Input-Hidden 0.198227 0.406235 -0.677748 -0.149879 -0.0326933
Input-Hidden -0.0643784 -0.346363 -0.226077 0.479613 0.679192
Input-Hidden -0.163018 0.336201 -0.252708 0.327482 -0.199048
Input-Hidden 0.180975 0.00927148 0.258702 0.398609 -0.0262119
Input-Hidden 0.143038 -0.121721 -0.576246 0.602169 0.436249
Input-Hidden -0.403522 0.246724 -0.34556 0.356962 0.526609
Input-Hidden -0.240527 0.372204 -0.0886996 0.58414 0.470482
Input-Hidden -0.405446 -0.394479 0.221777 0.548939 0.389592
Input-Hidden 0.241468 -0.406994 -0.0551832 -0.195846 -0.126111
Input-Hidden 0.056598 -0.225738 0.0766565 0.257973 -0.139452
Input-Hidden -0.17766 0.424464 -0.465316 0.606322 0.522784
Input-Hidden -0.409229 0.0532636 -0.0746185 0.149172 -0.0447744
Input-Hidden 0.134932 0.344144 -0.0668483 0.55664 -0.059662
Input-Hidden -0.563613 -0.255607 0.0235417 -0.181669 0.250147
Input-Hidden -0.435056 0.472153 -0.445661 -0.378892 -0.212906
Input-Hidden 0.306597 -0.315941 0.318444 0.441574 0.427832
Input-Hidden 0.20334 0.181248 0.173541 0.24741 -0.439059
Input-Hidden 0.419039 -0.447789 0.133096 -0.159015 0.170649
Input-Hidden -0.431059 0.176935 -0.382724 -0.359885 0.117807
Input-Hidden -0.0356726 0.134879 -0.239991 -0.236705 -0.0770864
Input-Hidden 0.00981748 0.0988169 0.00762561 0.124567 -0.239868
Input-Hidden 0.410504 -0.0842063 0.071232 0.486394 0.403952
Input-Hidden 0.417004 -0.18534 -0.279676 0.102006 -0.0881248
Input-Hidden 0.256839 0.146141 -0.0259705 -0.16911 0.195571
Input-Hidden -0.308855 0.089237 -0.393055 -0.21156 -0.328824
Input-Hidden -0.0378829 -0.061909 -0.0908332 0.130535 -0.124336
Input-Hidden 0.314575 0.0242945 -0.10453 -0.12529 -0.445226
Input-Hidden 0.0167481 0.15246 0.151062 -0.359563 -0.158929
Input-Hidden 0.359182 0.175857 -0.185634 -0.0284357 0.441548
Input-Hidden -0.445945 0.240077 -0.253799 -0.330822 0.141658
Input-Hidden -0.36527 0.130269 -0.273745 0.310265 0.225809
Input-Hidden -0.491065 0.229483 -0.428079 -0.115958 0.00440764
Input-Hidden -0.230945 0.163051 -0.112589 0.465212 -0.484894
Input-Hidden 0.335803 -0.130343 -0.205989 0.148237 -0.046758
Input-Hidden -0.149963 0.136437 -0.149611 -0.406683 0.295028
Input-Hidden -0.328709 0.412925 0.410402 0.251474 0.123517
Input-Hidden -0.154325 -0.35142 -0.0106159 0.387086 0.203202
Input-Hidden 0.221685 0.239691 0.175564 0.256028 0.136904
Input-Hidden -0.021402 0.0308856 -0.0821396 -0.362436 0.131427
Input-Hidden 0.166433 -0.145198 -0.328243 0.102785 -0.235614
Input-Hidden -0.119191 0.0742421 -0.321534 0.0589806 0.246834
Input-Hidden 0.0598009 -0.0575741 0.17948 0.0958544 -0.329478
Input-Hidden 0.235656 -0.3809 0.516704 -0.123479 0.0692276
Input-Hidden 0.0513772 -0.0357776 -0.299676 -0.0537941 0.114863
Input-Hidden 0.246204 0.342795 -0.360333 -0.324041 -0.280811
Input-Hidden 0.210402 -0.31168 -0.153233 -0.301769 -0.369498
Input-Hidden 0.191888 0.483519 0.223433 0.0318067 -0.18494
Input-Hidden -0.0953806 -0.0317088 -0.135888 -0.384407 -0.286623
Input-Hidden 0.157138 -0.181277 0.381312 -0.421636 -0.414268
Input-Hidden -0.215722 0.141844 0.415288 -0.0673467 -0.00927869
Input-Hidden 0.16039 0.284099 -0.261426 0.293054 -0.471626
Input-Hidden 0.514826 -0.0200613 0.042376 0.40316 -0.233708
Input-Hidden -0.30001 0.164563 0.176618 0.142168 0.315343
Input-Hidden -0.427774 -0.0542272 0.483928 -0.0624853 0.0761195
Input-Hidden 0.482291 -0.0441284 0.619293 0.131841 -0.601706
Input-Hidden 0.0149489 0.0444329 0.190676 -0.541315 -0.182628
Input-Hidden 0.477022 -0.104174 0.319585 -0.184743 0.282986
Input-Hidden -0.1039 -0.271787 0.103877 0.396508 -0.0788802
Input-Hidden -0.183568 0.110517 0.155653 0.285047 -0.437778
Input-Hidden 0.0448767 0.30315 0.450625 -0.333293 -0.511181
Input-Hidden -0.0103064 0.0752773 0.444544 -0.199375 0.140674
Input-Hidden 0.374463 0.35646 0.121671 0.0921031 -0.169338
Input-Hidden 0.38728 0.131612 0.10882 -0.200065 -0.18111
Input-Hidden 0.373807 -0.346183 -0.325262 -0.201664 0.305484
Input-Hidden 0.133748 0.0490178 -0.0239216 -0.108441 -0.232333
Input-Hidden -0.0245402 0.231871 0.284242 -0.155004 0.201532
Input-Hidden 0.481158 0.266843 -0.257564 0.151978 0.187393
Input-Hidden 0.400584 0.104159 0.167539 -0.0531045 0.0759218
Input-Hidden 0.15671 -0.362772 0.205897 0.383422 0.216932
Input-Hidden -0.436116 -0.137267 -0.00929194 -0.137808 0.245952
Input-Hidden -0.316712 0.27093 -0.346679 0.306472 -0.036088
Input-Hidden -0.240283 0.19934 -0.156747 -0.411081 -0.536276
Input-Hidden 0.186259 -0.331028 0.3039 0.155748 0.0592551
Input-Hidden -0.373426 -0.405025 -0.191814 -0.383257 0.0760655
Input-Hidden -0.211425 -0.198557 0.237734 -0.537614 -0.140541
Input-Hidden -0.149738 -0.331324 0.167118 -0.274109 -0.343245
Input-Hidden -0.0665407 0.26229 0.232513 -0.548018 0.122324
Input-Hidden -0.0206886 -0.339491 -0.173992 -0.527761 -0.347249
Input-Hidden 0.245931 0.219915 -0.047938 -0.505981 0.288689
Input-Hidden -0.0297883 -0.237912 0.43603 0.0522446 -0.507225
Input-Hidden 0.228763 -0.184201 0.0621535 0.0943508 -0.215109
Input-Hidden 0.124181 0.419311 -0.28534 0.213366 0.284491
Input-Hidden 0.403744 -0.0600016 -0.283216 -0.523934 -0.126809
Input-Hidden 0.510716 0.311169 0.539052 -0.0444113 0.012234
Input-Hidden -0.439678 0.0174726 -0.0510056 -0.242997 -0.572274
Input-Hidden -0.40349 0.0336713 0.1282 0.224125 -0.41209
Input-Hidden 0.323718 0.00686963 -0.0934479 0.0184543 -0.0816398
Input-Hidden 0.366868 0.0847906 0.189284 -0.293306 -0.441429
Input-Hidden 0.0403608 -0.128247 0.503325 -0.57111 0.199555
Input-Hidden -0.412861 0.348583 0.0183997 -0.238328 -0.0814806
Input-Hidden -0.398578 0.0162869 0.301238 -0.180406 -0.112719
Input-Hidden 0.33422 0.406965 0.177063 -0.548044 -0.176296
Input-Hidden -0.373889 0.0920261 0.142482 0.338108 0.215666
Input-Hidden -0.414735 0.296127 0.49454 -0.111752 0.224383
Input-Hidden -0.319857 0.0879382 -0.350429 -0.287748 -0.50484
Input-Hidden 0.370966 -0.352623 -0.122382 -0.133309 -0.183041
Input-Hidden -0.358227 -0.207838 -0.171792 0.279063 -0.363275
Input-Hidden -0.178484 -0.433256 0.178501 -0.431125 -0.161671
Input-Hidden 0.212314 0.00702001 -0.01767 0.111737 -0.424684
Input-Hidden -0.194603 -0.459754 0.593695 0.158627 0.0707084
Input-Hidden -0.0266471 -0.121335 0.381018 -0.559254 0.26671
Input-Hidden -0.0553143 -0.146636 0.296965 0.350737 -0.295476
Input-Hidden 0.069266 0.205922 0.174849 0.179983 -0.376415
Input-Hidden 0.214388 -0.0882561 0.360127 -0.00555614 -0.319436
Input-Hidden 0.23505 0.0192849 0.405235 0.355519 -0.571294
Input-Hidden -0.192491 0.432339 0.339933 -0.327773 -0.448927
Input-Hidden 0.448569 -0.268945 -0.226441 -0.233743 0.187477
Input-Hidden 0.0484887 -0.186638 -0.172161 -0.12535 -0.470083
Input-Hidden -0.0486742 -0.328712 0.466666 -0.492392 -0.670724
Input-Hidden -0.148633 0.384635 0.308774 0.205097 -0.229283
Input-Hidden -0.325455 -0.120952 0.714194 0.304818 -0.11386
Input-Hidden -0.360303 -0.355022 -0.175383 -0.465422 0.158924
Input-Hidden 0.439602 -0.0232567 0.324041 -0.467435 -0.188098
Input-Hidden -0.239767 0.221425 -0.0193044 -0.280182 -0.0370454
Input-Hidden 0.0496356 -0.372192 0.485707 0.0808337 -0.225499
Input-Hidden -0.1954 0.232209 0.332022 -0.135922 -0.355067
Input-Hidden 0.433855 0.0100344 -0.191886 -0.370268 -0.146855
Input-Hidden 0.391944 0.181719 0.450683 -0.158081 -0.46839
Input-Hidden -0.28004 -0.476336 0.392733 0.2877 -0.262516
Input-Hidden -0.118765 0.426405 -0.0743531 -0.473001 -0.482219
Input-Hidden 0.516704 0.243499 -0.187399 0.222643 0.114319
Input-Hidden -0.179631 0.0280201 0.301853 -0.170217 -0.407579
Input-Hidden 0.433862 0.199951 0.339492 0.13469 -0.225476
Input-Hidden -0.165467 0.265297 0.280613 -0.284027 0.101535
Input-Hidden 0.296658 -0.359839 -0.0612594 -0.163463 -0.292688
Input-Hidden 0.245043 -0.427755 0.736773 0.168455 -0.743375
Input-Hidden 0.332389 0.175309 0.199894 0.132169 -0.57301
Input-Hidden -0.300685 0.209914 0.556303 -0.447243 -0.403035
Input-Hidden -0.236625 0.307102 -0.0659681 -0.644055 0.0300092
Input-Hidden 0.370973 -0.249483 0.0857302 -0.261228 -0.365241
Input-Hidden -0.029735 0.0617391 -0.210727 -0.705651 -0.31008
Input-Hidden 0.0620058 -0.513071 0.624144 -0.691078 -0.00392125
Input-Hidden -0.129773 0.0788134 0.682807 -0.550589 -0.429075
Input-Hidden -0.257548 -0.506171 0.504721 -0.167249 0.167685
Input-Hidden 0.255001 -0.125476 0.617317 0.152319 -0.544957
Input-Hidden 0.604227 0.0725359 0.191587 -0.386958 -0.211307
Input-Hidden 0.0903177 -0.0392088 0.477119 -0.160145 -0.137632
Input-Hidden 0.0661154 0.220522 0.55326 -0.206187 0.215972
Input-Hidden 0.558139 -0.401029 0.694845 0.0964535 -0.367611
Input-Hidden 0.35984 0.365776 -0.162056 -0.272559 -0.447551
Input-Hidden 0.551647 -0.169203 0.579022 -0.14137 -0.683936
Input-Hidden -0.342871 0.181331 0.293898 -0.573143 -0.174068
Input-Hidden 0.0416749 -0.372523 -0.0227593 -0.414594 -0.433142
Input-Hidden 0.0517684 0.043886 0.683577 -0.4986 -0.211172
Input-Hidden -0.264137 0.316368 0.0288977 -0.352001 -0.129926
Input-Hidden 0.325608 0.471208 0.388906 0.359163 -0.249198
Input-Hidden 0.0685599 0.288745 0.231238 0.14429 -0.610433
Input-Hidden -0.142355 0.175773 0.0795097 -0.373157 -0.381005
Input-Hidden 0.485976 0.221204 0.292327 0.13132 -0.395863
Input-Hidden -0.377662 -0.0177443 0.459266 -0.201984 0.0107104
Input-Hidden 0.0265958 0.0438116 0.344986 0.368808 -0.525036
Input-Hidden 0.0629862 0.0860283 0.222575 -0.343548 -0.500748
Input-Hidden -0.0490208 0.459764 -0.211402 -0.20116 0.124215
Input-Hidden -0.317397 0.0910858 -0.122867 0.0604844 -0.564487
Input-Hidden 0.11649 -0.38861 0.261631 0.304808 0.275176
Input-Hidden -0.0255309 0.0304122 0.154026 0.392652 -0.329123
Input-Hidden 0.456103 -0.151257 0.340721 0.00768294 -0.526394
Input-Hidden 0.112855 0.303368 0.316939 -0.445775 0.333313
Input-Hidden -0.288745 -0.445671 0.0750732 0.0336862 0.155321
Input-Hidden 0.52347 0.191744 0.00107188 0.035031 0.385067
Input-Hidden -0.0376679 -0.28935 -0.113069 -0.304339 0.0882046
Input-Hidden 0.481846 -0.255255 0.0920436 -0.499851 -0.0500641
Input-Hidden -0.154546 -0.397553 0.555882 -0.247043 0.403902
Input-Hidden -0.0115678 0.0424275 -0.0610552 -0.259115 -0.405687
Input-Hidden -0.139245 -0.335884 -0.209808 -0.297171 0.174929
Input-Hidden 0.147356 -0.334945 -0.0590581 -0.334158 -0.532794
Input-Hidden 0.0623051 0.284407 -0.0594581 -0.290183 -0.188387
Input-Hidden 0.126447 -0.397753 -0.383614 0.116589 0.421096
Input-Hidden 0.0159098 -0.478414 -0.305175 0.167797 -0.507709
Input-Hidden 0.324901 -0.189939 0.0339589 -0.0445253 0.459643
Input-Hidden -0.202678 0.0476003 0.198681 -0.37596 -0.0229674
Input-Hidden 0.284441 -0.386242 -0.422928 0.201482 -0.103435
Input-Hidden -0.29033 -0.306548 -0.000419995 0.368277 0.197763
Input-Hidden 0.446303 -0.0844367 0.525566 0.206602 -0.000545514
Input-Hidden -0.0436094 -0.446598 -0.240644 0.464529 -0.394486
Input-Hidden -0.153169 0.167151 -0.15878 0.137457 -0.106196
Input-Hidden 0.441136 0.00572041 0.141245 0.278155 0.412515
Input-Hidden 0.243489 0.115664 -0.441328 -0.0256384 0.0408017
Input-Hidden 0.121528 0.255929 0.44051 0.00639176 -0.567925
Input-Hidden 0.240714 -0.159915 0.255367 -0.189706 -0.331279
Input-Hidden -4.67588e-05 0.353105 -0.0240047 -0.162711 -0.00898801
Input-Hidden 0.449573 -0.474501 0.574323 0.153439 -0.194804
Input-Hidden -0.029138 -0.0325426 0.19786 0.174647 -0.550027
Input-Hidden 0.228013 -0.191337 0.499197 0.124958 0.314703
Input-Hidden 0.100155 0.0653344 0.536132 0.382446 0.118387
Input-Hidden 0.382603 -0.175709 -0.366311 0.387777 0.085129
Input-Hidden -0.401421 -0.489035 0.084287 0.0657456 0.29173
Input-Hidden -0.342661 0.0537783 0.543524 -0.00865748 0.160595
Input-Hidden -0.110962 0.421968 -0.00701614 -0.430027 -0.400159
Input-Hidden -0.29444 0.0464879 0.33046 -0.519211 0.337906
Input-Hidden -0.0805641 0.182067 0.214724 -0.534635 -0.564783
Input-Hidden 0.0734176 0.121284 0.426848 -0.493241 -0.423552
Input-Hidden -0.421768 0.184674 -0.100627 0.365693 -0.33098
Input-Hidden 0.22983 0.450387 0.198228 0.42955 0.323354
Input-Hidden 0.0610578 0.109434 0.56244 0.277219 -0.458757
Input-Hidden -0.111744 0.48589 0.423633 -0.534139 -0.0394338
Input-Hidden 0.341701 -0.38965 0.440911 -0.476136 0.368996
Input-Hidden 0.132677 -0.331632 0.399846 0.0746748 0.0232688
Input-Hidden -0.0441759 0.239369 0.423461 -0.361862 -0.45011
Input-Hidden -0.0152506 0.0901891 0.466053 0.418153 0.253222
Input-Hidden -0.027012 -0.204042 0.238922 -0.165358 -0.217325
Input-Hidden -0.280656 -0.0279487 0.0643173 -0.286212 0.033982
Input-Hidden -0.103702 0.027344 0.0348143 -0.532235 0.265126
Input-Hidden -0.29616 0.0290737 0.146145 0.15588 -0.406477
Input-Hidden -0.390112 -0.225672 -0.29948 0.297696 -0.130274
Input-Hidden -0.215934 -0.0971436 0.545653 0.0102429 -0.275174
Input-Hidden 0.487547 -0.434587 -0.13575 -0.277815 0.257289
Input-Hidden 0.330781 -0.0574625 -0.173395 -0.547893 -0.208323
Input-Hidden 0.397063 0.312454 0.117821 -0.465949 -0.322515
Input-Hidden -0.21233 0.0791529 -0.0199761 -0.418753 0.379345
Input-Hidden 0.47448 0.236385 0.151503 -0.283624 -0.144171
Input-Hidden 0.49007 0.167211 0.199022 -0.375049 0.209244
Input-Hidden 0.0143426 -0.260137 -0.0616159 -0.51149 0.109509
Input-Hidden 0.14494 0.413782 0.0749205 0.0414206 -0.13176
Input-Hidden 0.219483 -0.40394 0.0939833 0.110321 0.0263268
Input-Hidden -0.0428694 0.121229 0.235253 0.374743 0.226184
Input-Hidden -0.24089 -0.219186 -0.140656 0.14187 -0.429569
Input-Hidden 0.49503 -0.424728 0.501591 -0.402273 0.168599
Input-Hidden -0.0723686 -0.377474 0.52706 -0.439887 -0.214642
Input-Hidden 0.29375 0.0144085 0.327624 0.281321 -0.435572
Input-Hidden -0.20642 -0.232946 -0.302168 -0.217345 0.272683
Input-Hidden 0.263894 -0.0491894 0.290568 -0.140928 -0.256978
Input-Hidden -0.411936 -0.00712155 -0.243251 0.429155 -0.40148
Input-Hidden 0.51511 0.375888 -0.351563 -0.0502956 -0.50414
Input-Hidden -0.23618 0.133993 -0.262331 -0.415133 0.352538
Input-Hidden -0.104553 -0.131829 0.394325 0.0708535 0.323432
Input-Hidden -0.0866694 -0.461338 -0.0924819 0.0327181 -0.108495
Input-Hidden 0.479811 0.456112 0.103814 -0.219314 -0.397028
Input-Hidden 0.0148429 -0.368216 0.495193 -0.168397 -0.365542
Input-Hidden 0.314136 0.420302 0.0991721 -0.150101 -0.109048
Input-Hidden -0.0553211 -0.468351 -0.346574 -0.405499 0.0101938
Input-Hidden 0.282536 -0.00383707 0.379721 0.125672 -0.334024
Input-Hidden -0.179211 0.107962 0.219179 0.210179 -0.457345
Input-Hidden -0.44737 -0.403299 -0.00873295 -0.440604 -0.321169
Input-Hidden -0.372207 -0.0206392 -0.137402 0.108596 0.427175
Input-Hidden -0.0850176 0.451641 0.037295 -0.350565 -0.194628
Input-Hidden -0.250322 0.330124 -0.105112 0.456923 0.269264
Input-Hidden -0.0728376 0.0708992 -0.479662 -0.282564 -0.121448
Input-Hidden 0.241061 -0.437774 -0.415683 -0.0333957 0.129543
Input-Hidden -0.136483 0.146769 0.443172 -0.113939 0.12558
Input-Hidden 0.397903 -0.273742 -0.360238 0.263177 0.00502004
Input-Hidden -0.412509 0.381788 -0.232921 -0.215015 -0.236509
Input-Hidden -0.203377 0.380376 0.182528 0.0568602 -0.36672
Input-Hidden -0.152369 0.434141 0.260933 -0.0232978 0.201968
Input-Hidden 0.219839 0.413249 0.35505 -0.225602 0.278978
Input-Hidden 0.0319511 -0.185591 -0.290719 0.410226 -0.242473
Input-Hidden 0.460363 0.153818 -0.306413 -0.369382 -0.106623
Input-Hidden 0.215473 0.35525 -0.259806 -0.212603 0.253383
Input-Hidden 0.081091 0.485878 0.45242 0.446032 0.378013
Input-Hidden 0.313221 -0.272924 -0.35825 -0.408449 0.138157
Input-Hidden -0.110935 0.0541902 -0.330271 0.219453 0.168995
Input-Hidden 0.390905 -0.143077 0.0696704 0.195267 -0.224005
Input-Hidden 0.247978 -0.0610234 -0.454418 -0.36004 -0.268687
Input-Hidden 0.391458 -0.329331 -0.400149 0.0663432 0.214874
Input-Hidden -0.422238 -0.193868 -0.420852 -0.250137 0.0559858
Input-Hidden -0.432344 0.0971998 -0.481489 0.123117 0.0114904
Input-Hidden 0.0939086 0.103605 0.0259851 -0.261085 0.196956
Input-Hidden -0.365299 -0.000775658 0.0301945 -0.0712567 0.250702
Input-Hidden 0.441842 0.224438 -0.0364861 0.500691 -0.210183
Input-Hidden -0.393444 -0.158486 -0.322745 0.169623 -0.0871292
Input-Hidden -0.411464 0.0614677 0.297861 0.144889 0.261556
Input-Hidden -0.249438 0.325845 0.219732 0.123501 0.213928
Input-Hidden 0.292288 -0.173703 7.58473e-05 0.0455459 -0.431568
Input-Hidden -0.21912 -0.479129 0.11723 -0.446424 -0.492182
Input-Hidden -0.10908 -0.0948371 -0.368995 -0.157456 0.0403
Input-Hidden 0.0321014 -0.435439 -0.468647 -0.0730294 -0.161997
Input-Hidden -0.435719 -0.290505 -0.325876 0.270587 -0.115118
Input-Hidden 0.393938 -0.0384004 0.389747 -0.126903 -0.365958
Input-Hidden -0.342291 0.234979 0.346004 0.187166 0.111817
Input-Hidden -0.375722 -0.168527 -0.289007 0.466488 0.280301
Input-Hidden 0.107757 0.312175 -0.0312257 -0.420574 -0.139109
Input-Hidden 0.427598 0.301796 0.468661 -0.367215 0.0966416
Input-Hidden -0.267918 -0.140251 0.219621 0.444797 0.198183
Input-Hidden 0.0962342 0.0443279 0.121503 0.277093 0.157597
Input-Hidden 0.334298 0.233069 0.154495 0.419893 -0.242614
Input-Hidden -0.396635 0.170165 0.197522 0.113928 -0.239926
Input-Hidden 0.187734 0.0403799 -0.471096 0.186341 -0.00289991
Input-Hidden -0.329335 0.409953 -0.251563 -0.116545 -0.434506
Input-Hidden 0.394333 -0.229186 -0.163788 0.399698 0.359321
Input-Hidden 0.413954 -0.391908 -0.0244513 -0.228829 0.316099
Input-Hidden 0.456133 0.218971 0.434048 0.131393 0.326091
Input-Hidden -0.214091 -0.31275 0.0490756 -0.435816 -0.305225
Input-Hidden -0.294272 0.329592 0.13964 0.282626 0.144338
Input-Hidden 0.24317 -0.183331 0.20969 0.420654 0.375175
Input-Hidden 0.103521 -0.351206 -0.323199 0.0342976 0.458851
Input-Hidden -0.266076 0.407316 -0.149351 0.415067 0.292899
Input-Hidden -0.272215 0.351095 -0.230022 0.499671 -0.177489
Input-Hidden 0.382148 0.203978 -0.365027 -0.228218 -0.217683
Input-Hidden 0.464511 -0.213303 0.0163815 -0.434905 -0.0824211
Input-Hidden 0.145936 -0.108451 0.149209 -0.0504837 -0.250565
Input-Hidden 0.128338 -0.082131 -0.325538 -0.0480992 -0.19815
Input-Hidden -0.0327953 -0.180632 -0.133088 -0.282455 -0.176572
Input-Hidden 0.446238 -0.0930592 0.0676674 -0.00343094 -0.00321924
Input-Hidden 0.443592 0.35516 -0.00220358 0.108327 0.162921
Input-Hidden 0.179386 -0.288384 -0.107086 -0.213602 0.34986
Input-Hidden -0.466859 -0.336006 -0.114406 0.194361 -0.259532
Input-Hidden -0.299881 -0.193151 -0.166816 -0.204368 0.473829
Input-Hidden -0.146112 -0.185367 0.0305948 -0.232546 0.380485
Input-Hidden -0.373575 0.455616 -0.151776 -0.355543 0.486626
Input-Hidden 0.368932 -0.0586931 0.207369 -0.206428 -0.118513
Input-Hidden -0.468264 0.0333403 -0.435505 -0.0686579 -0.314703
Input-Hidden -0.483435 0.161617 0.224175 -0.384448 0.00714762
Input-Hidden -0.0984765 -0.496703 0.124236 0.284933 -0.134886
Input-Hidden 0.253938 -0.268778 0.0179403 0.175882 0.170194
Input-Hidden -0.160523 0.496525 -0.335026 -0.306475 0.109386
Input-Hidden 0.369093 0.126305 0.132135 0.107267 -0.289803
Input-Hidden -0.164694 -0.251442 0.434212 -0.0806415 0.292107
Input-Hidden -0.134948 0.198003 -0.298281 -0.0156473 -0.356888
Input-Hidden 0.188665 -0.0469626 -0.348995 0.256542 0.188789
Input-Hidden -0.320533 0.427626 -0.34533 0.0284042 0.256189
Input-Hidden -0.285881 0.486187 -0.419176 0.301833 0.32869
Input-Hidden 0.263869 -0.22377 0.405809 -0.0992586 0.399629
Input-Hidden -0.442504 0.174722 0.457605 0.451581 -0.0115541
Input-Hidden -0.514364 -0.0956204 -0.390917 0.0237125 -0.300408
Input-Hidden 0.101516 0.387741 0.307203 -0.320753 0.468408
Input-Hidden 0.0817707 0.41446 -0.558781 0.0832007 0.251655
Input-Hidden -0.0482778 0.270031 0.11598 -0.14413 0.389941
Input-Hidden 0.116382 -0.112326 0.0304359 0.00222183 0.193072
Input-Hidden -0.141035 0.268507 -0.484436 -0.00735972 -0.356792
Input-Hidden 0.383512 0.412615 -0.103534 -0.0965655 -0.226505
Input-Hidden -0.0627978 0.0483316 0.195012 0.400475 0.345813
Input-Hidden -0.228992 -0.373858 -0.353484 0.392593 -0.289833
Input-Hidden -0.0450942 -0.219446 -0.283176 0.373825 -0.398236
Input-Hidden 0.094453 -0.143234 0.386566 0.167665 -0.148519
Input-Hidden -0.232285 -0.175833 -0.0306003 -0.12817 -0.03994
Input-Hidden -0.340546 -0.0138107 0.205972 -0.324952 0.430041
Input-Hidden -0.153909 -0.324511 0.101697 -0.278671 -0.0293699
Input-Hidden 0.00191784 0.205563 -0.451749 0.573994 0.236305
Input-Hidden 0.0380594 -0.411123 -0.317853 0.567965 -0.131629
Input-Hidden -0.525689 0.298978 -0.104399 0.161388 0.182287
Input-Hidden 0.394052 -0.157503 -0.182725 0.350356 -0.160707
Input-Hidden 0.0581551 0.0392968 -0.207649 -0.213607 0.615667
Input-Hidden 0.39937 -0.0797101 0.255463 -0.0672028 0.386566
Input-Hidden -0.437656 -0.451295 -0.0937554 0.0297465 0.436619
Input-Hidden -0.462431 -0.279088 -0.417897 -0.157102 -0.0550377
Input-Hidden 0.122971 -0.475201 0.190375 -0.237345 0.358358
Input-Hidden -0.505038 -0.429432 -0.584903 -0.0943187 0.246377
Input-Hidden 0.121588 -0.281904 -0.241739 0.581124 -0.242064
Input-Hidden -0.411151 0.284949 0.156544 0.294151 0.349711
Input-Hidden -0.319813 -0.382213 -0.257464 -0.0277866 -0.111855
Input-Hidden 0.287026 0.140292 -0.0407827 0.392907 0.0682662
Input-Hidden -0.0618089 -0.390496 -0.465783 0.0271299 0.231073
Input-Hidden 0.25773 0.231648 -0.490733 0.191647 0.0163593
Input-Hidden 0.0272748 -0.484168 -0.558206 0.566825 0.116766
Input-Hidden 0.366118 -0.300575 -0.238717 0.030555 -0.333207
Input-Hidden -0.270514 -0.157128 0.302529 -0.364031 -0.00955652
Input-Hidden 0.448015 -0.446865 -0.40269 -0.184328 -0.334651
Input-Hidden 0.0882749 0.438326 -0.260591 -0.214982 0.583038
Input-Hidden 0.254136 -0.178572 0.257109 -0.296253 0.390817
Input-Hidden -0.426801 0.36929 -0.204071 0.536258 0.516133
Input-Hidden -0.0760317 0.0969568 -0.374228 0.505235 0.444746
Input-Hidden -0.419587 0.199411 0.348975 0.225312 0.334573
Input-Hidden -0.00577669 -0.107075 0.00911933 -0.284137 -0.354604
Input-Hidden -0.339457 0.295723 -0.241744 0.519077 -0.284632
Input-Hidden -0.450099 0.366644 -0.141274 0.19265 0.56672
Input-Hidden -0.449313 -0.312716 -0.524596 0.5638 0.549478
Input-Hidden -0.420106 0.125238 -0.471621 -0.0377378 0.215107
Input-Hidden -0.129763 0.229618 0.244306 0.336622 0.132537
Input-Hidden -0.380717 0.105751 -0.201797 -0.173199 0.444604
Input-Hidden 0.140815 -0.30655 -0.15817 0.098732 0.554813
Input-Hidden 0.0777862 0.16845 -0.167137 -0.12752 -0.236199
Input-Hidden 0.00456851 0.00371656 -0.493802 0.441891 0.214508
Input-Hidden -0.0385266 -0.0918027 -0.170571 0.156235 0.543037
Input-Hidden -0.390775 0.190106 -0.247401 -0.344564 0.140916
Input-Hidden 0.120115 -0.258586 0.275632 0.240445 -0.226515
Input-Hidden -0.0901655 0.0055627 0.130654 0.281832 0.485599
Input-Hidden -0.0326805 0.455237 0.238781 0.123193 0.334549
Input-Hidden 0.165618 -0.443015 -0.314302 -0.24746 -0.350247
Input-Hidden -0.203992 0.167791 -0.390179 0.296987 -0.251775
Input-Hidden -0.267561 -0.0600585 -0.0895115 0.282338 -0.231443
Input-Hidden -0.544542 -0.397639 -0.608617 -0.142299 -0.0818069
Input-Hidden 0.0476641 -0.196587 -0.474998 -0.0709189 -0.143517
Input-Hidden 0.401056 0.237015 -0.0912808 -0.228038 -0.0834966
Input-Hidden 0.410933 0.239998 -0.260473 -0.0558243 -0.314028
Input-Hidden -0.217819 -0.140096 0.230969 0.24922 0.392761
Input-Hidden 0.294508 0.274471 -0.0683732 0.312357 0.185602
Input-Hidden 0.133532 0.296916 0.0846784 -0.106677 0.458854
Input-Hidden 0.415542 0.00593232 -0.211574 0.460904 -0.218159
Input-Hidden -0.422448 -0.433854 -0.0258382 -0.129436 0.522769
Input-Hidden 0.34067 -0.03888 0.115177 -0.313444 0.0552807
Input-Hidden 0.164742 -0.0148888 0.141801 0.290308 -0.0116024
Input-Hidden 0.2555 -0.363226 -0.0443905 -0.346293 -0.226611
Input-Hidden -0.150739 0.282817 -0.086046 -0.397002 -0.0481799
Input-Hidden 0.270201 -0.166709 0.312773 -0.280191 0.112
Input-Hidden 0.29371 0.494357 0.07827 -0.400844 0.115458
Input-Hidden 0.460143 0.0435469 0.135503 0.170555 0.00586597
Input-Hidden -0.0264422 -0.352332 0.316434 -0.311254 0.437388
Input-Hidden -0.277654 0.334582 0.185544 -0.338873 0.208937
Input-Hidden -0.392645 -0.219352 -0.0896943 -0.40097 0.493787
Input-Hidden -0.40505 -0.361763 -0.44327 -0.38371 0.421239
Input-Hidden -0.207958 0.307106 0.249458 0.346655 0.501331
Input-Hidden 0.229938 0.468922 -0.107979 0.376943 0.424918
Input-Hidden 0.164525 -0.364881 0.142356 0.0553591 -0.195225
Input-Hidden 0.168632 -0.0504166 -0.0375421 0.345423 -0.219146
Input-Hidden -0.0730068 0.0955929 -0.270761 -0.39575 0.415798
Input-Hidden -0.00387213 -0.387275 -0.440931 -0.0544223 0.489161
Input-Hidden 0.192634 0.0168087 0.140214 0.094511 0.0628277
Input-Hidden -0.289493 0.100595 0.288113 0.00988614 0.112185
Input-Hidden 0.0955622 0.116354 2.89042e-05 0.335715 0.083807
Input-Hidden -0.112469 0.493545 -0.329393 -0.373794 0.119165
Input-Hidden 0.0435179 -0.458575 -0.379173 -0.321562 -0.189185
Input-Hidden 0.258779 -0.0570258 -0.592101 0.0554916 0.316601
Input-Hidden -0.207327 -0.12358 -0.154636 -0.338273 0.142787
Input-Hidden -0.187903 0.422966 0.263328 0.361862 0.460298
Input-Hidden 0.190633 -0.457794 -0.15682 -0.420098 0.439514
Input-Hidden 0.255737 0.132722 0.109516 0.576307 0.399134
Input-Hidden 0.13508 0.121422 -0.230062 -0.251023 -0.148552
Input-Hidden 0.076255 0.283669 -0.526559 -0.309449 0.154974
Input-Hidden 0.411381 -0.372485 -0.258857 0.46689 0.218271
Input-Hidden 0.106296 -0.0653183 -0.286455 -0.158513 0.370724
Input-Hidden -0.16898 -0.419931 0.208144 -0.274102 -0.148763
Input-Hidden -0.226533 0.346329 -0.30313 0.563468 -0.17446
Input-Hidden -0.313939 0.0971049 0.111541 0.0931776 -0.260586
Input-Hidden 0.453233 0.0162201 -0.218029 -0.232574 0.0837534
Input-Hidden -0.395454 0.181838 -0.365105 -0.0414586 0.275545
Input-Hidden 0.186085 0.366157 -0.0704059 0.318832 0.497865
Input-Hidden -0.165447 0.174602 -0.277387 0.457018 -0.311132
Input-Hidden -0.437679 0.0348323 -0.394017 0.308593 -0.275401
Input-Hidden -0.109161 -0.00762492 0.322554 -0.33089 -0.239225
Input-Hidden -0.0361598 0.0969893 -0.0144222 -0.388403 0.273777
Input-Hidden 0.4289 0.413598 -0.369259 -0.16921 0.50139
Input-Hidden -0.403613 0.285281 0.273049 -0.351838 -0.182333
Input-Hidden -0.233772 0.477528 0.215829 -0.45126 0.190856
Input-Hidden -0.00640414 -0.34974 -0.343537 -0.0592413 0.302945
Input-Hidden -0.000575208 0.222609 0.201422 -0.273174 0.216816
Input-Hidden 0.38003 0.187367 0.416149 -0.20184 0.20329
Input-Hidden 0.409021 0.257535 0.198838 -0.125537 0.25803
Input-Hidden 0.148691 -0.194556 -0.00381154 -0.38419 -0.0769612
Input-Hidden 0.0198284 -0.0946424 -0.301734 0.410251 0.452603
Input-Hidden 0.382611 -0.0869217 0.433932 0.450374 -0.317949
Input-Hidden -0.0980305 0.00963067 0.192743 -0.246665 -0.364985
Input-Hidden 0.215932 -0.229262 0.0462742 -0.125562 -0.312319
Input-Hidden -0.141821 0.0912757 -0.483045 0.173334 0.270686
Input-Hidden 0.360036 -0.0847993 -0.0763648 0.086853 0.237336
Input-Hidden 0.499652 -0.320192 0.0442237 0.398863 0.183955
Input-Hidden -0.257323 0.417474 0.367996 0.258586 -0.0171204
Input-Hidden 0.0386491 0.0160386 0.0616613 -0.0183635 -0.282403
Input-Hidden -0.223588 -0.367567 -0.13092 0.509435 -0.173889
Input-Hidden 0.187938 -0.322 -0.577105 0.0906626 0.297684
Input-Hidden -0.239258 -0.445087 0.211374 0.333422 0.565501
Input-Hidden -0.039052 -0.484812 0.413931 -0.308299 -0.274059
Input-Hidden 0.029714 0.194409 -0.373391 0.370308 0.199238
Input-Hidden 0.117993 0.148629 -0.0722257 -0.166839 0.386569
Input-Hidden 0.26599 0.233071 -0.146243 -0.364769 0.339579
Input-Hidden -0.463214 0.158346 0.379061 -0.411231 -0.392716
Input-Hidden -0.35331 0.360517 0.00199065 0.00938769 0.149476
Input-Hidden 0.176992 0.0595398 0.213607 0.430618 0.150186
Input-Hidden 0.463081 -0.368656 -0.0295911 -0.0170905 -0.200743
Input-Hidden -0.16137 0.423794 -0.275008 0.143485 0.108209
Input-Hidden -0.0553355 0.477719 -0.231499 0.275853 0.259752
Input-Hidden 0.412128 0.192343 -0.287955 -0.294544 0.272141
Input-Hidden 0.439069 -0.431133 0.255641 0.258562 -0.169013
Input-Hidden 0.327859 0.314474 -0.00751077 -0.234809 0.447255
Input-Hidden -0.290742 -0.210283 -0.262011 0.47704 -0.328037
Input-Hidden -0.185842 -0.251877 0.419172 0.100089 0.413466
Input-Hidden 0.512446 0.145549 -0.372434 0.451235 -0.319311
Input-Hidden 0.49321 0.339491 0.0813382 -0.0376202 0.047203
Input-Hidden -0.34846 -0.190773 -0.17842 0.0839458 0.0509061
Input-Hidden 0.0289754 -0.33815 -0.324656 -0.1799 -0.0881777
Input-Hidden -0.152257 -0.444761 -0.0821684 0.241708 0.203073
Input-Hidden -0.285814 0.236186 -0.295353 0.112615 0.53113
Input-Hidden 0.425758 0.0710651 -0.090227 -0.297654 0.321804
Input-Hidden 0.414294 0.350982 -0.501395 -0.238081 -0.132577
Input-Hidden 0.507727 -0.387781 -0.495734 -0.0734237 0.0111107
Input-Hidden 0.114597 0.384588 -0.13586 0.329449 -0.243963
Input-Hidden 0.372824 0.0721681 0.0393599 -0.169212 0.485122
Input-Hidden -0.0700705 0.00861083 0.194379 0.507787 0.324942
Input-Hidden 0.4794 0.0196782 0.397283 0.179806 0.119648
Input-Hidden 0.172902 0.268165 0.063869 -0.0764934 -0.0786121
Input-Hidden 0.425273 -0.385953 -0.316052 0.119452 0.0368236
Input-Hidden -0.200154 0.099117 -0.280189 -0.0867549 0.235024
Input-Hidden 0.167534 -0.117543 0.110864 -0.166697 -0.277743
Input-Hidden -0.112174 -0.0671975 -0.491784 -0.207628 0.357482
Input-Hidden 0.0357616 0.388992 -0.0397261 -0.0371824 -0.100596
Input-Hidden -0.162371 0.236742 -0.523104 0.371524 -0.0121339
Input-Hidden -0.437395 -0.45472 0.0385599 -0.272129 0.547963
Input-Hidden 0.231391 -0.183268 0.221552 0.160401 -0.159753
Input-Hidden 0.416408 0.0538611 -0.363283 0.402067 0.472094
Input-Hidden -0.444189 0.0850559 0.347316 0.0918286 -0.131574
Input-Hidden -0.380382 0.242077 -0.213621 -0.225587 0.320287
Input-Hidden -0.167151 -0.120994 0.388114 -0.0681845 -0.0593147
Input-Hidden 0.264864 -0.398211 0.132358 -0.32237 0.194647
Input-Hidden 0.185493 0.435432 0.0919118 0.0607965 -0.23209
Input-Hidden 0.26017 -0.382592 -0.370486 -0.077636 0.284245
Input-Hidden 0.382817 0.423433 0.412019 0.38773 -0.241997
Input-Hidden -0.0505738 0.292641 -0.2658 -0.0829579 -0.00889352
Input-Hidden 0.389127 0.127345 0.1152 -0.376447 0.349499
Input-Hidden 0.290355 -0.362724 -0.0364713 -0.42477 -0.0617412
Input-Hidden -0.124054 -0.468639 0.290129 0.286206 0.230464
Input-Hidden -0.278668 -0.0793188 0.0984037 -0.284242 -0.00322508
Input-Hidden 0.0235272 -0.0373997 -0.519273 -0.138996 0.152306
Input-Hidden -0.155156 -0.0811023 0.425821 -0.160923 0.394561
Input-Hidden 0.189019 0.485081 -0.0918502 0.0467751 0.223433
Input-Hidden -0.437934 -0.283911 -0.470344 -0.402975 -0.234501
Input-Hidden -0.36692 0.263908 -0.298762 0.0153737 0.403433
Input-Hidden 0.463195 0.0255419 0.128812 0.400781 -0.0386395
Input-Hidden -0.00371297 0.135781 -0.247914 0.093307 -0.298407
Input-Hidden 0.284755 -0.336419 0.235136 0.0270924 0.192227
Input-Hidden 0.0710055 0.247154 0.411273 -0.041068 -0.248085
Input-Hidden -0.391117 -0.26644 0.0509046 0.190147 -0.0103612
Input-Hidden -0.426607 -0.432185 0.218117 0.35799 -0.307628
Input-Hidden -0.229356 0.490791 -0.580699 -0.335886 -0.0108562
Input-Hidden -0.0990325 -0.144737 0.433692 -0.0141969 -0.255418
Input-Hidden -0.481293 -0.162199 -0.386081 -0.120758 0.0122162
Input-Hidden -0.432418 0.0101642 -0.14825 0.450057 0.39353
Input-Hidden -0.299373 0.141047 0.0868498 -0.244836 0.232821
Input-Hidden -0.0275872 0.206077 -0.0159793 0.133312 0.530476
Input-Hidden 0.36482 0.481551 -0.110443 0.141916 -0.229432
Input-Hidden 0.129299 0.37388 0.0359274 0.00368031 -0.138468
Input-Hidden -0.406157 0.00586778 0.288589 -0.404725 0.0129525
Input-Hidden -0.165513 0.327316 0.114036 0.0528253 0.149029
Input-Hidden -0.361044 -0.414411 -0.526397 -0.304378 0.188087
Input-Hidden -0.345499 0.330246 -0.406035 0.451062 0.484321
Input-Hidden -0.11394 -0.335357 0.230305 0.325912 0.14423
Input-Hidden -0.499787 0.305492 0.0534516 0.465516 -0.127268
Input-Hidden -0.477634 0.379008 0.000159296 0.338044 0.348367
Input-Hidden -0.479291 0.329947 0.394392 0.49547 0.0885344
Input-Hidden -0.430928 0.458715 -0.404427 0.422686 0.275324
Input-Hidden -0.053173 -0.459288 -0.183999 -0.0951724 -0.253047
Input-Hidden 0.291265 -0.417094 -0.432137 -0.0610898 0.296096
Input-Hidden -0.32177 -0.494825 -0.0116219 0.535829 0.376642
Input-Hidden -0.0353087 -0.334398 0.0764118 0.47297 -0.11602
Input-Hidden 0.104523 0.230288 -0.407966 0.158321 -0.0692625
Input-Hidden -0.217444 0.23524 -0.258788 -0.0208607 0.0310036
Input-Hidden 0.184369 -0.217103 0.273541 -0.166204 0.543125
Input-Hidden -0.328439 -0.472353 -0.424919 -0.306739 0.32709
Input-Hidden -0.313017 -0.231999 0.0523901 0.182529 0.182536
Input-Hidden 0.306428 -0.216198 -0.0242651 -0.264941 -0.027417
Input-Hidden -0.0165768 0.212192 -0.163775 -0.205893 0.28474
Input-Hidden -0.200138 -0.0407588 0.0229427 -0.404013 0.522902
Input-Hidden 0.436799 0.187815 -0.363516 0.360541 -0.356761
Input-Hidden -0.355377 0.34356 0.287734 -0.183808 0.00984496
Input-Hidden 0.0489946 -0.167648 0.0915635 0.0178443 -0.241343
Input-Hidden -0.331864 0.187546 -0.282782 -0.07338 -0.108505
Input-Hidden 0.498941 0.317839 -0.195074 0.111075 0.222428
Input-Hidden 0.484516 -0.232074 0.00112503 0.0849638 -0.468464
Input-Hidden -0.349222 0.0325883 -0.170581 -0.251425 -0.148103
Input-Hidden 0.19329 0.114935 0.257717 0.214102 0.130962
Input-Hidden 0.00266316 -0.17003 0.372862 -0.412538 -0.0806024
Input-Hidden 0.269388 -0.477309 0.229802 -0.294985 -0.294013
Input-Hidden 0.294866 -0.203851 0.116424 0.314687 0.512909
Input-Hidden 0.0783281 -0.333554 -0.184765 0.135763 -0.447086
Input-Hidden 0.118822 -0.233852 -0.132556 -0.415107 0.243551
Input-Hidden -0.103887 -0.163225 -0.159308 -0.248859 0.366812
Input-Hidden 0.435477 -0.274024 -0.178913 -0.311715 -0.251716
Input-Hidden -0.209929 -0.0393198 0.440033 0.349042 -0.0705288
Input-Hidden 0.0815136 -0.193792 -0.184766 0.433203 0.385376
Input-Hidden 0.103651 0.292618 0.255976 -0.0746218 0.287339
Input-Hidden 0.38532 0.288905 0.414765 -0.131998 0.421173
Input-Hidden -0.115706 -0.502657 -0.0732301 0.350311 -0.189994
Input-Hidden -0.0260548 -0.181081 0.322131 -0.109304 -0.15185
Input-Hidden -0.127316 0.227329 0.0551104 0.167581 -0.216869
Input-Hidden -0.28655 0.126727 -0.0724859 -0.0787183 -0.228242
Input-Hidden 0.395174 0.22641 -0.494891 0.426297 -0.340264
Input-Hidden -0.456516 -0.0565477 -0.0801671 0.435605 0.0400059
Input-Hidden 0.213823 0.131225 0.294318 -0.270044 -0.0315038
Input-Hidden 0.196651 -0.0793954 -0.312307 0.06676 -0.111642
Input-Hidden -0.253743 -0.27947 -0.374455 0.415154 0.0940436
Input-Hidden -0.360494 -0.195476 -0.0294447 0.186454 -0.191969
Input-Hidden -0.435518 0.45987 -0.448403 -0.455622 -0.408741
Input-Hidden -0.203137 -0.351292 0.293923 0.177952 0.46163
Input-Hidden 0.177158 0.278369 -0.36406 -0.120476 -0.0328395
Input-Hidden -0.0164177 0.0414994 0.389075 0.111029 0.397226
Input-Hidden -0.0395222 -0.0785645 0.106155 0.204297 0.121274
Input-Hidden 0.113892 -0.350512 0.112638 -0.321592 0.313197
Input-Hidden -0.0528268 0.190984 0.228385 -0.232962 0.0289824
Input-Hidden -0.509364 -0.213723 0.0698338 0.478961 -0.0876548
Input-Hidden 0.0412233 -0.179111 0.0195869 0.238467 0.484746
Input-Hidden 0.0830586 0.446556 0.418771 0.113566 0.462417
Input-Hidden 0.403624 3.60821e-05 -0.277179 -0.00711944 -0.415262
Input-Hidden -0.0219732 0.28823 0.445049 -0.23397 -0.0351114
Input-Hidden -0.234313 0.436879 0.0387008 -0.226854 0.445665
Input-Hidden -0.380335 -0.298471 -0.0863747 0.125778 -0.217046
Input-Hidden -0.0230067 0.01128 -0.440468 0.296958 0.434926
Input-Hidden 0.493623 0.290617 0.0963878 0.242822 0.0792981
Input-Hidden 0.0908571 -0.0426823 0.0837765 0.178412 0.000899434
Input-Hidden 0.500789 0.179669 -0.134809 0.201762 -0.273031
Input-Hidden -0.385833 -0.185764 -0.0178916 0.200711 -0.410294
Input-Hidden 0.223247 0.341243 0.408743 0.119375 0.103777
Input-Hidden -0.0737555 0.0545285 -0.393602 0.490659 -0.390871
Input-Hidden 0.445755 0.202033 0.00359323 0.170963 -0.00395651
Input-Hidden 0.383081 0.141092 -0.332769 -0.112464 -0.373021
Input-Hidden -0.0697814 -0.29887 -0.489546 -0.163433 -0.344143
Input-Hidden -0.265646 -0.403283 0.424456 0.121573 -0.355874
Input-Hidden 0.0261615 0.415601 0.12897 0.254576 -0.214358
Input-Hidden -0.329211 -0.194625 -0.140272 0.0504909 -0.350145
Input-Hidden 0.114939 -0.0196558 -0.0402376 0.210504 0.539432
Input-Hidden -0.466566 -0.487143 -0.541699 -0.13267 -0.28899
Input-Hidden 0.413831 0.350022 -0.174001 0.446061 0.197984
Input-Hidden -0.0703165 0.0346746 -0.429639 0.0512667 -0.0926403
Input-Hidden -0.365492 0.205669 0.114235 0.141065 0.439755
Input-Hidden 0.218616 0.391113 0.000791721 0.492031 0.298503
Input-Hidden 0.470538 -0.378001 -0.269224 0.477453 0.0922841
Input-Hidden 0.447242 -0.0543305 0.335132 0.424655 0.0745631
Input-Hidden 0.337182 0.40145 0.164385 0.154887 0.27564
Input-Hidden -0.116299 -0.192394 -0.315086 0.0354028 -0.342312
Input-Hidden 0.15343 0.240931 -0.157768 -0.0398889 -0.26874
Input-Hidden -0.216014 0.479058 0.312729 -0.376142 0.0372853
Input-Hidden -0.0190891 0.432059 -0.0313199 0.258518 0.353653
Input-Hidden -0.321602 -0.102684 0.158732 0.109169 -0.0899458
Input-Hidden 0.0735762 -0.158939 -0.0726627 -0.432654 -0.0223046
Input-Hidden -0.184308 -0.484743 0.419156 0.217388 -0.0155179
Input-Hidden 0.437551 0.160929 -0.456121 -0.444553 -0.217024
Input-Hidden 0.268586 0.258371 0.339986 0.328168 -0.372019
Input-Hidden -0.232409 0.357112 -0.216545 0.465755 0.0868935
Input-Hidden -0.481419 -0.455323 0.138215 0.236937 -0.187132
Input-Hidden 0.121992 -0.311813 -0.323231 -0.328706 0.0230478
Input-Hidden 0.475115 -0.329622 0.405418 -0.00299725 -0.209898
Input-Hidden -0.464816 -0.0518679 0.211014 -0.139691 0.0574167
Input-Hidden -0.343943 -0.4195 0.052034 -0.405985 0.267026
Input-Hidden -0.270831 -0.27813 -0.377751 0.350146 -0.10769
Input-Hidden -0.285848 -0.340736 0.278892 -0.497946 0.384423
Input-Hidden -0.051644 -0.367851 -0.230256 -0.0462991 0.2961
Input-Hidden -0.211849 -0.350389 0.437693 -0.174844 0.119652
Input-Hidden 0.426409 -0.178636 -0.103688 -0.0862091 0.342767
Input-Hidden 0.0919329 0.489577 -0.297355 0.432371 -0.358273
Input-Hidden 0.0334036 -0.45769 0.505459 -0.498828 0.192209
Input-Hidden 0.212795 -0.367013 -0.0766321 -0.171253 -0.0971629
Input-Hidden 0.184322 -0.375626 0.220677 -0.498525 0.261818
Input-Hidden 0.215407 -0.448801 0.193941 0.368506 -0.291449
Input-Hidden 0.0385636 0.155178 0.00928785 0.133195 0.0547449
Input-Hidden -0.345963 -0.267217 0.124137 0.362093 -0.16863
Input-Hidden -0.0741835 -0.292414 -0.267142 0.0871379 0.469325
Input-Hidden -0.333502 -0.29567 0.332689 0.143501 0.267659
Input-Hidden 0.328841 0.47325 -0.481198 0.177329 -0.435648
Input-Hidden 0.217482 0.338891 0.296265 0.0492016 0.518736
Input-Hidden -0.45177 0.288585 0.216008 0.0937757 -0.435302
Input-Hidden -0.36197 -0.36517 0.511448 0.395429 0.192616
Input-Hidden 0.297952 -0.498713 -0.0418049 0.319818 -0.420581
Input-Hidden 0.41872 -0.410498 -0.295605 -0.278938 0.231098
Input-Hidden 0.0385113 0.354538 -0.386719 -0.276862 -0.480336
Input-Hidden 0.269152 -0.301663 -0.273494 0.362828 -0.443941
Input-Hidden 0.154097 -0.0262499 -0.451176 0.252548 -0.46895
Input-Hidden -0.358751 0.413149 -0.45509 0.0305893 -0.500392
Input-Hidden 0.493488 0.439951 0.136358 0.257624 0.154231
Input-Hidden 0.0664091 0.324612 -0.484317 -0.260523 0.0646467
Input-Hidden 0.179496 -0.300365 0.282024 0.146517 -0.0664906
Input-Hidden 0.144342 0.306645 -0.130852 -0.318433 0.18099
Input-Hidden 0.227516 -0.344001 -0.0878844 -0.456645 -0.196278
Input-Hidden -0.405966 -0.497948 0.493728 0.374939 -0.492709
Input-Hidden -0.493 0.450504 -0.0439939 -0.151083 0.0563621
Input-Hidden -0.11999 -0.354991 -0.204716 0.462374 0.197273
Input-Hidden -0.0609053 0.165995 0.0919227 -0.425079 -0.427457
Input-Hidden 0.0814763 0.384789 -0.328349 -0.0635531 0.0530436
Input-Hidden -0.160948 -0.19306 0.21011 -0.233109 0.22833
Input-Hidden -0.123558 -0.176132 0.0220204 -0.119863 -0.400499
Input-Hidden -0.0567244 -0.256439 -0.0812472 -0.325761 -0.0283911
Input-Hidden 0.392882 -0.490318 0.157878 0.048819 -0.130358
Input-Hidden 0.287866 -0.148091 0.112849 0.28941 -0.0604075
Input-Hidden -0.0783585 -0.00862306 -0.0774985 -0.17206 0.101917
Input-Hidden -0.453568 -0.421496 -0.228377 0.119528 0.299563
Input-Hidden 0.404638 -0.271215 0.129382 0.0898297 0.329007
Input-Hidden -0.250993 0.116097 -0.0964143 -0.324063 0.0307543
Input-Hidden 0.279883 -0.365773 -0.137107 0.276393 0.155252
Input-Hidden -0.409415 -0.022719 -0.15092 -0.422265 0.332702
Input-Hidden -0.359466 0.31337 -0.0712719 0.251118 -0.129867
Input-Hidden -0.0850703 -0.295849 0.296546 0.31421 0.324983
Input-Hidden -0.252957 -0.136805 0.503231 -0.0841158 0.245665
Input-Hidden 0.179813 0.130067 0.392689 0.307718 -0.213399
Input-Hidden 0.251098 0.325674 -0.107752 0.140356 0.0522059
Input-Hidden 0.377193 -0.0113147 -0.091242 0.291701 -0.0400173
Input-Hidden 0.154781 -0.404236 0.262088 0.266203 -0.127148
Input-Hidden -0.350333 -0.430451 0.0180383 -0.444548 0.301732
Input-Hidden 0.0136947 -0.291361 0.406657 -0.0982673 0.377064
Input-Hidden 0.0439821 -0.236846 -0.369979 -0.0111843 0.440688
Input-Hidden -0.382596 0.490161 -0.208505 0.140786 -0.121682
Input-Hidden -0.282251 -0.470901 0.125355 0.0425715 0.248606
Input-Hidden 0.379156 0.237583 -0.0898934 0.0156325 0.188862
Input-Hidden 0.0609732 0.315198 -0.169974 -0.00532451 0.288153
Input-Hidden 0.396463 -0.131679 0.216986 0.309478 -0.0452598
Input-Hidden -0.0259145 -0.196245 0.0951184 -0.0999386 -0.000856221
Input-Hidden 0.403759 -0.248152 -0.388129 -0.43771 -0.0693568
Input-Hidden -0.381884 0.262325 -0.439302 -0.106666 0.00829493
Input-Hidden -0.105445 0.425113 0.172124 0.0893818 -0.115444
Input-Hidden -0.254713 0.29739 0.197404 -0.112574 0.0329554
Input-Hidden -0.34507 -0.22439 0.453743 0.194374 0.360344
Input-Hidden -0.0324987 -0.405236 0.0172142 -0.0799602 -0.188268
Input-Hidden -0.376764 -0.00685866 -0.316189 -0.494956 -0.0534473
Input-Hidden 0.133433 -0.0860788 -0.444394 -0.341326 -0.128273
Input-Hidden -0.321439 0.0134035 0.0747031 -0.321641 -0.0379343
Input-Hidden -0.220925 -0.177404 -0.134623 0.425729 0.431931
Input-Hidden 0.502812 0.173153 0.322177 0.167127 -0.24379
Input-Hidden -0.380266 -0.0623466 -0.401386 0.435168 -0.349078
Input-Hidden 0.31763 -0.213122 0.345141 0.207269 0.0531305
Input-Hidden 0.24097 -0.36448 -0.34498 0.194031 -0.477154
Input-Hidden 0.506917 0.0703741 0.1645 0.20706 0.409335
Input-Hidden -0.075062 -0.433448 0.201341 0.0133686 -0.448967
Input-Hidden 0.349729 -0.0923638 0.0400154 -0.521327 0.161013
Input-Hidden 0.124351 -0.0341248 0.403372 0.230515 0.429966
Input-Hidden -0.00300561 -0.0503886 -0.072491 0.394745 0.268008
Input-Hidden 0.429436 -0.251844 -0.415173 -0.357238 0.235148
Input-Hidden -0.184287 0.0654293 -0.356225 0.394852 -0.385177
Input-Hidden 0.126109 -0.100525 0.416386 0.148006 0.0343601
Input-Hidden -0.382435 0.0827846 -0.419945 0.000311666 -0.440831
Input-Hidden -0.0213417 -0.0211517 -0.222753 0.377138 -0.161322
Input-Hidden -0.38616 0.183318 -0.303127 -0.47326 0.0913552
Input-Hidden -0.13911 0.268969 0.299697 -0.193942 -0.45133
Input-Hidden 0.288639 -0.446782 0.0379436 0.315917 -0.253994
Input-Hidden 0.283752 0.227407 0.381575 -0.378598 0.0842907
Input-Hidden 0.345248 -0.113771 0.165414 -0.386355 -0.305665
Input-Hidden 0.430475 0.446364 -0.0651694 -0.305997 0.354073
Input-Hidden -0.0201671 0.332793 0.0328173 -0.414095 0.246326
Input-Hidden -0.359383 -0.362129 -0.0285952 -0.192283 -0.471159
Input-Hidden 0.339136 -0.503976 -0.161153 -0.274732 -0.436852
Input-Hidden 0.383338 0.116339 0.053775 0.0845132 -0.0678185
Input-Hidden -0.0369419 0.371257 0.0505724 0.0366896 -0.0286008
Input-Hidden -0.446305 0.14489 0.0657054 0.0829883 0.239653
Input-Hidden -0.089226 -0.333651 0.387427 0.275782 -0.481471
Input-Hidden -0.0776419 -0.473555 -0.0972539 -0.322161 0.358874
Input-Hidden 0.177387 0.0150562 0.103808 -0.0773982 -0.302019
Input-Hidden -0.389215 -0.301273 -0.0917691 -0.341716 0.0661139
Input-Hidden 0.31028 0.154212 0.242184 0.18161 -0.401201
Input-Hidden -0.30728 0.105926 0.0459185 0.243859 0.00458126
Input-Hidden 0.246091 -0.485443 0.3362 0.372565 -0.323467
Input-Hidden 0.296803 0.214006 0.415013 -0.462504 0.380445
Input-Hidden 0.0314051 -0.245198 0.0186446 -0.515935 -0.196419
Input-Hidden -0.110486 -0.212687 0.265185 -0.130528 0.379678
Input-Hidden 0.130035 -0.0949344 -0.348149 -0.50604 -0.0519137
Input-Hidden 0.183219 -0.0617922 -0.404951 0.115604 0.391266
Input-Hidden 0.377804 -0.0427069 0.463441 -0.403143 0.21041
Input-Hidden 0.085209 0.0698817 -0.361416 -0.250726 -0.215641
Input-Hidden -0.432096 0.0626844 0.459992 0.167689 -0.262798
Input-Hidden -0.0324389 0.372862 0.328237 -0.268145 0.348408
Input-Hidden 0.263159 0.326389 -0.396555 -0.0660016 -0.215905
Input-Hidden 0.0134348 0.0930361 0.172957 0.127484 0.270695
Input-Hidden 0.509732 0.175721 0.535667 -0.436557 -0.370705
Input-Hidden 0.21058 0.392917 -0.20716 -0.0369033 -0.27005
Input-Hidden 0.130977 0.16457 -0.25946 0.109432 0.296734
Input-Hidden -0.0721939 -0.28277 0.134869 0.24236 -0.445616
Input-Hidden -0.221147 0.450992 0.030436 -0.310609 -0.0886286
Input-Hidden -0.121907 -0.254985 -0.443633 0.366788 -0.311614
Input-Hidden -0.0286658 0.442232 -0.0217615 -0.395695 -0.237254
Input-Hidden 0.0632856 -0.0054714 0.19282 -0.170169 -0.475818
Input-Hidden -0.2001 0.32834 -0.174194 -0.372952 -0.468666
Input-Hidden 0.502078 -0.422708 -0.413918 -0.499272 -0.173631
Input-Hidden 0.177294 -0.402972 -0.195183 0.144879 -0.0815265
Input-Hidden -0.419181 -0.100234 0.0283575 -0.0743541 -0.407293
Input-Hidden 0.00155569 -0.0334281 0.260716 0.128922 0.20171
Input-Hidden 0.269149 0.15101 -0.3909 -0.372209 0.169204
Input-Hidden 0.156394 0.179647 0.220734 -0.153435 0.314908
Input-Hidden -0.0272533 -0.198205 0.350973 0.383296 -0.27627
Input-Hidden -0.19567 0.282251 0.334277 0.180472 0.0613848
Input-Hidden 0.0378214 0.366096 0.452085 -0.416492 0.00773331
Input-Hidden 0.0247664 -0.131968 0.052047 -0.492943 0.442218
Input-Hidden 0.494642 -0.496611 0.46931 -0.51247 -0.209537
Input-Hidden 0.104969 0.379185 0.115756 0.22581 -0.19089
Input-Hidden 0.0422009 0.316544 -0.260391 0.128209 -0.429662
Input-Hidden 0.50413 -0.0526363 0.412996 0.243958 -0.00624291
Input-Hidden -0.159438 0.306602 -0.24558 -0.223653 -0.258453
Input-Hidden 0.0483213 -0.453609 0.275977 0.290739 -0.143145
Input-Hidden -0.377353 0.468639 0.110422 -0.243438 -0.332371
Input-Hidden -0.274062 -0.284924 -0.298798 0.368106 -0.0472487
Input-Hidden 0.20506 -0.013411 0.319981 0.0799288 0.0754738
Input-Hidden -0.342221 -0.293811 -0.265246 0.283645 0.130535
Input-Hidden -0.0691376 -0.342884 -0.171297 -0.0838587 -0.263214
Input-Hidden 0.357024 -0.123677 -0.377909 0.153751 0.0357011
Input-Hidden 0.247121 0.0929022 -0.198376 0.430942 -0.441967
Input-Hidden -0.329688 -0.464546 0.365263 0.395876 0.172697
Input-Hidden 0.459733 -0.455888 0.0455185 0.392745 0.354561
Input-Hidden 0.0409169 0.476321 0.333662 -0.450379 -0.468304
Input-Hidden -0.161792 -0.506328 0.185514 0.257902 0.0144685
Input-Hidden -0.15044 0.0693561 0.306887 -0.28552 -0.536115
Input-Hidden -0.287282 -0.30043 0.0723882 0.313745 0.148127
Input-Hidden 0.210894 0.356458 0.314956 -0.501305 -0.105835
Input-Hidden 0.529473 -0.48484 0.195254 -0.106564 -0.46131
Input-Hidden -0.173977 0.0299003 0.222661 -0.507872 0.266429
Input-Hidden -0.170307 -0.0486694 0.151044 -0.553995 -0.022188
Input-Hidden 0.0928655 -0.294639 -0.169128 0.118647 0.400945
Input-Hidden 0.28487 -0.339868 -0.334757 0.266325 -0.51422
Input-Hidden -0.394019 -0.277217 0.577212 -0.573494 -0.553063
Input-Hidden 0.390399 0.15716 -0.372839 -0.454487 -0.263262
Input-Hidden -0.265536 -0.289792 0.189236 -0.160614 -0.391066
Input-Hidden 0.321459 0.259962 0.272459 -0.00172381 -0.352469
Input-Hidden -0.0668539 -0.278472 -0.140417 0.0778207 -0.0944812
Input-Hidden 0.0986645 0.0948693 -0.0618701 -0.5018 -0.296087
Input-Hidden 0.0124123 -0.131419 -0.325719 -0.472496 -0.0751446
Input-Hidden -0.0438996 -0.0242578 0.554409 0.253139 -0.378961
Input-Hidden -0.308758 0.164595 -0.276736 -0.222658 0.253278
Input-Hidden -0.185494 -0.42961 -0.120412 -0.41849 0.32871
Input-Hidden -0.377099 -0.0418515 0.0557054 0.293149 0.339422
Input-Hidden 0.072341 -0.428247 0.288773 -0.164623 -0.0685309
Input-Hidden 0.416944 -0.0817614 -0.355491 0.369773 -0.366641
Input-Hidden -0.385872 0.430017 0.288129 -0.159414 -0.459792
Input-Hidden -0.174745 0.212755 -0.0223969 -0.46513 0.160191
Input-Hidden 0.256939 -0.170175 0.463208 -0.278602 -0.365561
Input-Hidden 0.240292 0.400449 -0.409242 -0.134828 -0.218955
Input-Hidden 0.122181 -0.363176 0.353976 -0.00743352 -0.254278
Input-Hidden -0.117838 -0.254581 -0.0494686 -0.185935 0.00111201
Input-Hidden -0.146105 0.0731301 0.0608684 0.103103 -0.0571266
Input-Hidden 0.11593 0.352587 -0.2448 -0.318174 -0.129134
Input-Hidden -0.0456673 0.0568391 -0.0684598 -0.208406 -0.530258
Input-Hidden 0.20508 -0.275185 -0.134682 -0.188524 0.2939
Input-Hidden 0.515509 0.132205 0.142372 0.146384 0.142265
Input-Hidden -0.0393693 0.315554 0.436654 0.0536138 -0.468654
Input-Hidden 0.483961 0.121107 0.019376 0.233186 -0.295975
Input-Hidden -0.13701 0.365805 0.129573 -0.54109 0.165672
Input-Hidden 0.166608 0.220663 0.526322 0.312785 -0.545686
Input-Hidden 0.265353 0.128278 0.410409 -0.079653 0.404083
Input-Hidden -0.0122772 -0.0145001 0.259164 0.176377 -0.495578
Input-Hidden -0.274631 0.239548 -0.0559147 -0.0777799 0.258007
Input-Hidden -0.16406 -0.401909 0.563909 -0.559604 -0.00617382
Input-Hidden -0.016726 0.183955 0.536027 0.381681 -0.126562
Input-Hidden -0.111431 0.413795 0.549158 -0.36158 0.0309802
Input-Hidden -0.201156 -0.0635844 0.394726 -0.0567821 -0.0413958
Input-Hidden -0.159402 0.405473 0.300756 -0.383849 -0.542021
Input-Hidden 0.178247 -0.217087 -0.40168 0.171735 -0.302764
Input-Hidden 0.499634 -0.0338338 0.296655 -0.324702 -0.216106
Input-Hidden -0.141813 -0.350024 -0.162421 0.204338 -0.513783
Input-Hidden 0.0872287 -0.359227 0.117806 0.128136 0.241922
Input-Hidden 0.286346 0.29485 0.153541 0.348021 0.225222
Input-Hidden 0.122417 -0.300986 -0.112048 -0.0537581 -0.170982
Input-Hidden 0.177797 -0.341132 0.553391 0.00196739 0.0360371
Input-Hidden 0.294932 -0.371928 -0.0561734 -0.0613178 -0.341992
Input-Hidden 0.468257 0.484767 0.534022 0.437918 -0.333449
Input-Hidden 0.487807 0.00706089 -0.21187 -0.452852 -0.140813
Input-Hidden 0.43671 0.270776 0.0121421 0.00746708 -0.325352
Input-Hidden 0.149696 -0.112695 0.320977 -0.180037 -0.14699
Input-Hidden -0.181506 -0.289448 0.460141 -0.441248 -0.501221
Input-Hidden -0.22653 -0.231022 -0.265302 -0.403623 -0.0233858
Input-Hidden 0.460686 0.255176 -0.156437 0.31423 -0.135121
Input-Hidden -0.347231 -0.139942 -0.25752 0.0889261 -0.250476
Input-Hidden 0.0278409 0.34316 -0.178693 0.38678 0.0303375
Input-Hidden -0.109779 0.471561 0.0234565 -0.465936 -0.523941
Input-Hidden -0.0925521 0.296273 0.430297 -0.134348 -0.0514201
Input-Hidden 0.137284 0.326202 0.14479 -0.335785 0.0254178
Input-Hidden 0.19431 0.135104 -0.210478 -0.2737 -0.509703
Input-Hidden 0.493516 0.433887 0.42035 0.453309 0.458742
Input-Hidden -0.332943 0.486329 -0.370708 0.119813 -0.054907
Input-Hidden 0.0613555 -0.0139107 -0.258007 -0.525616 -0.330727
Input-Hidden 0.466469 -0.150783 -0.0216877 0.449259 -0.452255
Input-Hidden 0.33938 -0.182454 -0.251618 0.432968 -0.512772
Input-Hidden 0.0630734 0.40722 -0.308595 -0.0303112 -0.205192
Input-Hidden -0.15627 0.0713151 -0.167763 0.221517 0.324503
Input-Hidden 0.018771 -0.0732497 -0.359311 -0.316051 -0.246702
Input-Hidden 0.31374 -0.424824 -0.313085 0.28231 0.0805781
Input-Hidden 0.466265 -0.183108 0.255018 0.262802 0.178603
Input-Hidden 0.24483 0.393077 0.230506 0.14952 -0.351692
Input-Hidden 0.283624 0.452458 -0.19792 -0.140232 -0.339646
Input-Hidden 0.00626018 -0.0323 -0.153313 -0.509087 0.301858
Input-Hidden -0.457941 0.48866 -0.0531843 -0.447772 0.456428
Input-Hidden 0.246877 -0.235161 -0.344994 0.0187487 0.0441622
Input-Hidden -0.200631 0.232511 0.214598 -0.396281 0.207723
Input-Hidden -0.0121716 -0.161234 -0.438569 -0.0530108 0.310504
Input-Hidden -0.132295 0.20506 -0.35223 0.289767 -0.293876
Input-Hidden 0.05157 0.169065 -0.103693 -0.152342 -0.144838
Input-Hidden -0.365704 0.238799 0.231771 -0.0739548 -0.103066
Input-Hidden -0.386903 0.291188 0.485958 0.248251 0.0855571
Input-Hidden -0.198876 0.482194 0.262231 -0.362712 0.15494
Input-Hidden 0.197863 -0.409261 -0.096279 -0.280894 -0.338398
Input-Hidden -0.358842 0.224634 -0.127938 0.12357 0.0423315
Input-Hidden -0.330603 -0.0854539 -0.410728 -0.0202116 0.0416339
Input-Hidden -0.353828 0.00534398 -0.272615 -0.438057 0.199476
Input-Hidden 0.233931 -0.0610618 -0.402344 0.280157 -0.34625
Input-Hidden -0.243753 -0.243584 0.0656813 0.250168 -0.362223
Input-Hidden -0.417747 0.222794 0.324145 0.0241041 0.13508
Input-Hidden -0.15637 0.355423 -0.239922 -0.27918 -0.240943
Input-Hidden 0.178227 -0.0764312 -0.0997552 -0.0587641 0.482752
Input-Hidden 0.350778 -0.505494 -0.236947 -0.0752571 -0.253555
Input-Hidden -0.430815 0.469283 0.0317246 -0.0420256 -0.411242
Input-Hidden 0.32427 0.00608059 0.259844 -0.430731 -0.0791907
Input-Hidden 0.193311 0.327391 -0.323124 -0.5235 -0.418218
Input-Hidden -0.0621359 -0.0477789 -0.0643728 0.364151 -0.0724864
Input-Hidden 0.310197 0.4876 -0.232936 0.0562427 -0.504726
Input-Hidden -0.435713 0.191439 0.445514 -0.432494 0.019681
Input-Hidden 0.267067 -0.412044 0.295199 -0.375196 0.243079
Input-Hidden 0.290759 -0.446785 0.398977 0.216573 0.388818
Input-Hidden -0.265979 -0.296017 0.133499 -0.494109 -0.0792245
Input-Hidden -0.263486 -0.407175 0.289204 -0.545245 -0.481501
Input-Hidden 0.0360064 0.0347613 -0.0875479 0.370676 -0.0668859
Input-Hidden 0.184042 0.242482 0.219303 0.240365 -0.450805
Input-Hidden 0.432479 -0.0113775 0.219072 0.427779 -0.198239
Input-Hidden 0.491844 0.437965 0.148669 -0.484664 -0.0314842
Input-Hidden 0.0607129 -0.227372 0.169705 0.222124 0.194505
Input-Hidden -0.130119 0.456401 -0.189908 0.343309 -0.375774
Input-Hidden 0.0193252 -0.47768 -0.369203 -0.150308 -0.11085
Input-Hidden 0.293896 0.0322785 0.318444 -0.449816 0.292992
Input-Hidden -0.358421 -0.453483 0.351963 0.209932 -0.275361
Input-Hidden 0.484638 -0.297162 0.410473 0.0326187 -0.0689388
Input-Hidden 0.446947 0.274174 -0.211442 0.296347 -0.0662219
Input-Hidden -0.442252 0.222165 -0.103512 0.276332 0.116227
Input-Hidden -0.0322666 -0.471077 -0.267545 0.203814 -0.191398
Input-Hidden -0.383858 -0.440814 0.278169 -0.403276 0.316346
Input-Hidden 0.181614 0.332234 0.463281 -0.0469918 0.447497
Input-Hidden -0.087579 -0.12505 0.258292 -0.0538642 -0.0855473
Input-Hidden -0.0408024 0.453232 0.459771 0.439262 -0.426222
Input-Hidden -0.228286 0.375044 0.352109 -0.171895 0.395023
Input-Hidden 0.345333 -0.344521 0.0608843 -0.146799 -0.178604
Input-Hidden 0.172063 -0.156348 0.390671 0.292823 -0.233679
Input-Hidden 0.401271 -0.0725361 -0.313986 -0.506817 0.078991
Input-Hidden -0.182241 0.401952 -0.464644 0.229736 0.00192868
Input-Hidden 0.0201204 0.472855 0.326038 0.463022 0.387776
Input-Hidden 0.35585 -0.494983 0.467233 -0.455714 0.364363
Input-Hidden 0.191596 0.432059 -0.104375 -0.451678 0.22351
Input-Hidden 0.313074 -0.27424 -0.396757 -0.182822 -0.436723
Input-Hidden 0.308584 -0.0542845 -0.329767 0.128004 -0.265038
Input-Hidden 0.01529 0.365491 0.0823714 0.182185 0.0330769
Input-Hidden 0.272639 -0.178687 0.146004 0.212847 -0.510702
Input-Hidden 0.000440302 -0.299611 0.133139 0.229385 0.360185
Input-Hidden -0.275659 0.2672 -0.349943 0.0819438 -0.223168
Input-Hidden -0.485138 -0.215466 0.156607 -0.263995 -0.315718
Input-Hidden 0.429375 -0.193607 0.108278 0.076097 0.470272
Input-Hidden -0.0688636 0.203102 -0.0804513 0.265305 -0.0971959
Input-Hidden -0.452587 -0.165506 0.127533 0.293742 -0.410394
Input-Hidden 0.484241 0.338164 0.095614 0.201964 0.245834
Input-Hidden 0.396423 0.249535 0.118015 -0.465696 -0.242821
Input-Hidden -0.281383 0.489082 -0.433394 -0.196646 0.269859
Input-Hidden 0.301672 -0.305179 0.455153 -0.293945 -0.124955
Input-Hidden 0.00403589 -0.147002 -0.282021 -0.299944 0.136942
Input-Hidden 0.163726 -0.233734 -0.419985 -0.402777 -0.26566
Input-Hidden -0.208634 -0.0730682 0.238078 -0.290873 -0.0349537
Input-Hidden 0.42556 -0.141743 0.183113 0.353115 -0.113999
Input-Hidden -0.276785 -0.349112 -0.334713 -0.111485 0.0658308
Input-Hidden 0.269477 0.449671 -0.267123 -0.425199 -0.0315341
Input-Hidden 0.219401 0.371527 -0.165542 0.465874 -0.392336
Input-Hidden 0.148267 -0.306436 -0.458815 0.108908 -0.10354
Input-Hidden -0.387445 0.0252673 0.16712 0.459932 0.425973
Input-Hidden 0.00247501 0.196306 0.22717 0.235382 -0.330605
Input-Hidden -0.241289 -0.492864 0.0781218 0.387039 -0.485352
Input-Hidden 0.501852 0.0240821 -0.27069 -0.176989 0.441723
Input-Hidden 0.341667 0.495871 0.253115 -0.242802 0.189924
Input-Hidden -0.174203 -0.499343 0.234106 0.296074 0.248341
Input-Hidden -0.296437 -0.112729 0.355969 0.398015 -0.0527585
Input-Hidden -0.269079 0.0890742 -0.330436 0.269439 0.062188
Input-Hidden 0.267996 -0.164536 0.0132804 0.207309 -0.214247
Input-Hidden -0.409085 0.127859 0.270078 -0.36737 -0.402951
Input-Hidden 0.41784 -0.0109784 -0.192462 -0.333941 0.00874762
Input-Hidden -0.186127 0.0451841 0.172711 -0.180182 -0.153571
Input-Hidden -0.29988 0.470169 0.292274 0.197048 -0.321845
Input-Hidden 0.338485 -0.405356 0.15506 -0.0699287 -0.463283
Input-Hidden -0.00302096 0.0365104 0.0570707 0.262288 0.410161
Input-Hidden 0.433408 0.13803 -0.0454983 0.319849 -0.308062
Input-Hidden -0.367082 0.194468 -0.235619 -0.204083 -0.327268
Input-Hidden -0.473104 -0.174426 -0.172368 -0.187963 0.458555
Input-Hidden -0.2393 -0.0902695 0.465653 -0.378992 -0.200936
Input-Hidden 0.234914 0.206893 -0.181594 -0.132192 0.217912
Input-Hidden -0.247575 -0.194618 0.240066 -0.350857 0.248396
Input-Hidden 0.423903 -0.0658509 -0.476673 0.114696 -0.472261
Input-Hidden 0.230964 -0.116023 0.0579656 0.454456 0.0432239
Input-Hidden 0.484879 -0.295591 0.274906 0.142581 -0.500652
Input-Hidden 0.39306 -0.33366 0.0531075 0.261928 0.0755166
Input-Hidden 0.440581 -0.500834 -0.263174 -0.445006 -0.235992
Input-Hidden 0.394276 -0.498105 0.0965636 -0.193299 0.0287736
Input-Hidden 0.0280714 -0.150659 0.491233 0.193931 -0.122995
Input-Hidden -0.242727 -0.296461 0.0273643 0.391999 0.340254
Input-Hidden 0.236782 0.255887 -0.483533 0.405562 0.401226
Input-Hidden -0.316118 0.342131 -0.133881 0.289863 0.0538208
Input-Hidden -0.0354853 0.0776374 -0.137021 -0.378264 0.00257734
Input-Hidden 0.0155077 -0.098451 0.372558 -0.411388 0.488407
Input-Hidden 0.278726 -0.374957 -0.264121 0.280286 0.470035
Input-Hidden 0.483309 0.000982565 -0.109132 0.0698543 0.0346406
Input-Hidden 0.413832 0.486555 0.0619742 -0.119681 -0.517313
Input-Hidden 0.313671 -0.184098 0.167376 0.117145 -0.10729
Input-Hidden -0.226331 -0.0416296 -0.131572 -0.308266 0.135899
Input-Hidden -0.318981 0.0241847 0.11797 -0.368774 -0.304929
Input-Hidden 0.118064 0.370576 0.167928 0.337295 -0.122018
Input-Hidden 0.420203 0.13839 -0.284226 0.321823 0.191945
Input-Hidden -0.367241 -0.0903334 0.529619 -0.306054 0.176172
Input-Hidden 0.235916 0.090453 -0.251461 -0.434187 -0.492213
Input-Hidden 0.344928 -0.456702 0.274395 0.45606 -0.00228293
Input-Hidden 0.226675 -0.159501 0.25812 0.132983 -0.148967
Input-Hidden 0.241337 -0.113026 -0.341002 0.0805706 -0.409072
Input-Hidden -0.1749 0.258911 0.389319 0.059373 0.326244
Input-Hidden -0.473083 -0.40633 0.431912 0.254227 -0.143244
Input-Hidden -0.192391 -0.0949588 0.0428817 -0.0700428 0.0280289
Input-Hidden 0.109035 -0.120937 -0.163604 0.205728 -0.339756
Input-Hidden 0.0528072 0.472423 -0.250894 -0.202078 0.0540765
Input-Hidden 0.389275 -0.282604 -0.279251 0.138315 -0.122877
Input-Hidden -0.0798522 0.241433 -0.347185 -0.0633391 -0.124864
Input-Hidden -0.375262 -0.278616 0.0234873 -0.537171 -0.0278189
Input-Hidden -0.00910587 0.220667 -0.154124 -0.0062322 -0.102915
Input-Hidden -0.272843 0.312512 0.0709031 -0.530097 0.0639638
Input-Hidden -0.223997 -0.243156 -0.271453 0.246603 0.325592
Input-Hidden 0.14775 0.0632596 0.176822 0.420971 -0.180856
Input-Hidden 0.367023 -0.456319 -0.0527559 -0.172348 -0.363252
Input-Hidden -0.219384 -0.0368074 -0.135537 -0.291547 0.334458
Input-Hidden 0.486858 0.105605 0.056279 -0.205076 0.250152
Input-Hidden 0.268599 0.00826744 0.152308 -0.264969 0.256364
Input-Hidden -0.160968 0.188873 0.430833 0.0392408 0.158829
Input-Hidden -0.449275 -0.0316538 0.227736 0.34515 0.474666
Input-Hidden 0.308939 0.227262 -0.00531934 0.330584 0.24301
Input-Hidden -0.501347 -0.147609 -0.0704802 0.058947 -0.282296
Input-Hidden -0.0984859 0.231985 -0.097863 -0.238409 -0.413192
Input-Hidden 0.440841 0.115437 0.0745763 0.15577 -0.043499
Input-Hidden 0.345769 0.103575 0.414324 -0.412675 -0.130846
Input-Hidden -0.173941 -0.223434 0.41904 0.455753 -0.300377
Input-Hidden 0.180683 -0.0957008 -0.078529 0.217077 0.200743
Input-Hidden 0.056581 -0.217139 -0.407202 0.395824 0.265215
Input-Hidden 0.0358486 -0.159844 0.468723 0.250888 0.0955958
Input-Hidden 0.283952 -0.0622695 0.414856 -0.350342 -0.26817
Input-Hidden -0.175011 -0.0762004 -0.00472038 0.0218589 0.00135559
Input-Hidden 0.365739 0.11567 0.145396 -0.384852 0.0119274
Input-Hidden -0.370697 -0.41207 -0.0985224 -0.495503 0.302208
Input-Hidden -0.00039314 -0.162355 0.464493 0.429937 -0.287973
Input-Hidden -0.374758 0.100593 0.133099 -0.249045 0.193833
Input-Hidden 0.170487 0.325477 0.289448 -0.427613 0.469907
Input-Hidden -0.331958 0.283912 0.229024 -0.11583 -0.458738
Input-Hidden -0.219532 0.406861 0.136744 -0.331871 -0.0920549
Input-Hidden 0.333186 -0.466834 0.104184 0.0746085 0.108405
Input-Hidden -0.130877 -0.110667 0.432916 0.366487 0.413783
Input-Hidden -0.036706 -0.167796 -0.0358743 0.282224 0.0495912
Input-Hidden -0.339174 -0.33131 -0.408265 -0.333955 -0.416863
Input-Hidden 0.15887 0.117112 0.269808 -0.483687 0.106175
Input-Hidden -0.315528 -0.317368 -0.483597 -0.264585 0.00544293
Input-Hidden 0.387349 -0.320836 0.328262 0.216422 0.473401
Input-Hidden -0.3267 0.437887 0.169927 -0.442859 0.296641
Input-Hidden -0.120078 -0.297966 0.0544591 0.163957 0.0682227
Input-Hidden 0.188801 -0.180101 -0.401095 0.0652537 0.353235
Input-Hidden 0.135538 0.358536 0.432929 0.172026 0.0402775
Input-Hidden 0.0221742 -0.0796638 0.170016 0.0667645 -0.48245
Input-Hidden 0.191436 -0.346334 -0.450037 -0.0736544 -0.497763
Input-Hidden 0.358066 0.254494 0.219671 -0.202638 0.0169128
Input-Hidden -0.44401 0.00776099 0.220453 0.283709 0.322791
Input-Hidden 0.173499 -0.360484 -0.220948 -0.0343714 0.43414
Input-Hidden 0.149069 0.103409 -0.300998 0.0900296 0.38637
Input-Hidden 0.0648063 -0.127363 0.18997 -0.175823 0.28828
Input-Hidden 0.225221 0.421549 0.103282 0.242855 -0.166552
Input-Hidden -0.163718 -0.413879 0.172402 -0.197733 -0.248863
Input-Hidden 0.200936 -0.338274 -0.493359 -0.0947954 -0.137074
Input-Hidden 0.0451609 0.188659 -0.342974 -0.312828 -0.477234
Input-Hidden 0.344205 -0.364631 0.484032 -0.255196 0.237759
Input-Hidden 0.409937 0.00842224 -0.232216 0.216224 0.24785
Input-Hidden -0.469305 -0.108633 -0.422347 0.207094 0.027953
Input-Hidden -0.50875 0.328303 0.37361 -0.103727 0.0828689
Input-Hidden 0.383577 -0.395025 -0.168053 -0.188951 -0.380912
Input-Hidden -0.0774604 -0.255043 -0.0559902 0.124727 -0.300344
Input-Hidden 0.247223 0.322283 0.275415 -0.339078 0.163532
Input-Hidden 0.0723375 0.426545 0.417925 -0.349156 -0.14688
Input-Hidden -0.26276 -0.0222856 -0.45645 0.0271574 -0.39711
Input-Hidden -0.051035 -0.500179 -0.303798 -0.45556 0.384635
Input-Hidden 0.304775 0.262469 0.276333 0.485429 0.062349
Input-Hidden -0.335302 0.143062 0.0152372 -0.209563 0.0146931
Input-Hidden 0.357029 -0.464927 -0.411206 -0.219502 0.466043
Input-Hidden -0.382022 -0.0239983 -0.0475276 -0.0157026 0.378042
Input-Hidden -0.328547 0.209787 -0.281119 0.235335 -0.0699399
Input-Hidden -0.360697 0.379403 0.254467 0.467926 -0.404469
Input-Hidden 0.361901 0.278473 -0.446969 0.238211 -0.429826
Input-Hidden 0.262366 0.254072 0.118982 0.102527 -0.232794
Input-Hidden 0.327092 0.153482 0.187138 -0.132644 0.152415
Input-Hidden -0.12167 -0.055502 0.495286 0.386477 0.332719
Input-Hidden 0.408313 -0.25675 -0.322539 0.470044 -0.309244
Input-Hidden 0.480728 0.367585 -0.191745 0.166005 -0.224234
Input-Hidden -0.104016 -0.48269 0.13469 0.443439 -0.148349
Input-Hidden 0.374195 0.231312 0.173046 0.143996 0.429358
Input-Hidden -0.232579 -0.468568 0.490517 0.476533 -0.336692
Input-Hidden -0.426373 0.411549 0.256017 0.303654 -0.0408824
Input-Hidden -0.486156 0.0507388 0.243815 0.455472 0.341378
Input-Hidden -0.284644 -0.357935 -0.00187483 0.312168 -0.458283
Input-Hidden 0.0460419 -0.369922 -0.10928 0.298479 -0.484516
Input-Hidden -0.00267803 0.170237 0.11322 0.235791 -0.294142
Input-Hidden -0.474132 0.445949 -0.171623 -0.512932 -0.107324
Input-Hidden 0.0930564 -0.140911 -0.153568 0.117034 -0.0320828
Input-Hidden 0.446347 -0.493309 0.113019 0.107987 -0.214849
Input-Hidden -0.3589 -0.419081 -0.431161 -0.0260554 -0.129294
Input-Hidden -0.19522 -0.0603879 0.00187242 0.0656595 -0.283902
Input-Hidden 0.330909 -0.340284 -0.160902 0.061128 -0.0562035
Input-Hidden 0.36933 -0.438727 0.313912 -0.417087 0.321681
Input-Hidden -0.342095 0.0508168 0.0592262 -0.341618 0.0775017
Input-Hidden 0.181063 -0.284269 -0.302807 0.418459 -0.439732
Input-Hidden -0.475129 0.392605 -0.304742 0.394487 0.145351
Input-Hidden 0.491322 -0.0891573 -0.440558 0.136804 -0.206257
Input-Hidden -0.221893 -0.0901817 -0.477171 0.0859004 -0.450005
Input-Hidden -0.175466 0.362601 0.41201 -0.151055 -0.342068
Input-Hidden -0.260719 -0.190031 -0.290134 -0.0885666 0.495567
Input-Hidden -0.0641722 0.0944997 -0.443722 -0.366039 -0.244953
Input-Hidden -0.225158 0.0110211 0.251847 0.223466 0.26843
Input-Hidden 0.0134737 0.180348 0.374436 -0.213614 -0.0985379
Input-Hidden 0.316215 0.383931 -0.45656 0.00586436 0.287816
Input-Hidden -0.250927 -0.321024 0.32017 -0.0964556 -0.0209651
Input-Hidden -0.115654 -0.194025 0.378846 0.192618 0.168292
Input-Hidden 0.205073 -0.387573 0.432831 -0.134041 0.462194
Input-Hidden 0.422449 -0.228327 0.418274 0.14255 0.415185
Input-Hidden 0.344014 0.325542 -0.223337 -0.171878 0.271511
Input-Hidden -0.129534 -0.123644 -0.352968 0.351767 -0.40452
Input-Hidden -0.238028 -0.411846 0.00326896 0.383889 0.12052
Input-Hidden 0.118658 -0.397065 0.281297 0.186377 0.42825
Input-Hidden -0.200064 0.369352 0.265216 -0.400214 -0.255814
Input-Hidden -0.265218 0.253041 0.334926 0.312961 -0.0703401
Input-Hidden 0.37114 0.0516151 -0.217395 0.165062 0.130153
Input-Hidden -0.105879 0.20554 0.388287 0.176928 0.281541
Input-Hidden 0.364643 0.362726 0.127086 -0.0405532 -0.497315
Input-Hidden -0.25891 0.472481 -0.344605 -0.249451 -0.133051
Input-Hidden 0.394211 0.46535 0.358059 0.356404 0.0800472
Input-Hidden -0.317749 0.477733 0.266013 0.389023 0.132284
Input-Hidden 0.298455 -0.278215 -0.291093 0.301689 0.466898
Input-Hidden 0.299931 -0.217986 -0.393406 -0.429289 0.260417
Input-Hidden 0.153894 -0.444586 -0.091607 -0.456551 0.121459
Input-Hidden 0.44774 -0.497226 0.508284 0.196032 0.0432934
Input-Hidden -0.183407 -0.0818305 0.164994 0.47934 -0.0755505
Input-Hidden 0.0311696 0.370837 0.144426 0.0744915 0.306711
Input-Hidden -0.463555 0.111979 0.128536 -0.00742618 -0.0884689
Input-Hidden 0.272289 0.133738 -0.440965 -0.474574 -0.260162
Input-Hidden 0.224838 0.29941 -0.227845 -0.306822 0.340725
Input-Hidden 0.187974 0.0503269 -0.41421 -0.491618 0.205823
Input-Hidden -0.117946 0.0724747 0.0393449 -0.200276 0.329995
Input-Hidden 0.0730903 0.132903 0.00936718 0.405803 0.23631
Input-Hidden -0.076168 0.0400781 -0.482806 0.0984488 -0.502016
Input-Hidden -0.294965 0.293514 0.170316 -0.415969 -0.0382701
Input-Hidden 0.37812 -0.264062 0.394142 0.00985216 -0.348299
Input-Hidden 0.0260759 0.0748254 -0.453132 0.253797 0.466922
Input-Hidden -0.501957 0.281677 -0.36239 0.375822 -0.422191
Input-Hidden 0.299853 0.0375632 0.333882 -0.124214 -0.272167
Input-Hidden 0.171744 0.321207 0.282048 -0.12863 0.244943
Input-Hidden 0.461078 -0.35935 -0.395939 -0.117553 0.205603
Input-Hidden 0.389227 -0.0448567 0.400159 0.394927 -0.25579
Input-Hidden -0.29817 0.13455 -0.117708 0.297111 0.243299
Input-Hidden 0.253767 -0.292528 -0.138248 -0.174882 0.40322
Input-Hidden -0.358638 0.476213 0.425986 0.417419 -0.113108
Input-Hidden 0.494692 0.366943 0.323721 -0.265046 0.295241
Input-Hidden -0.478505 -0.106229 0.0981452 0.090771 0.200616
Input-Hidden 0.335372 -0.398144 0.132473 0.17223 -0.0649278
Input-Hidden 0.093819 0.259553 0.510899 0.163987 -0.342995
Input-Hidden 0.112111 0.036208 -0.204544 -0.502869 0.347143
Input-Hidden -0.25061 -0.40478 -0.330035 -0.200704 0.419424
Input-Hidden -0.120999 -0.0684648 -0.242633 -0.0475218 0.0896147
Input-Hidden -0.118015 0.128822 -0.0503494 -0.260907 0.440985
Input-Hidden -0.164355 -0.175675 -0.0248083 -0.338358 0.227679
Input-Hidden -0.435423 0.382729 -0.181984 0.466912 0.24566
Input-Hidden 0.388389 -0.261752 -0.372039 0.118792 -0.327353
Input-Hidden -0.472488 0.14574 -0.194474 0.379129 0.204438
Input-Hidden 0.405142 -0.0895169 -0.0717243 0.116504 -0.189979
Input-Hidden 0.229455 0.464038 0.201787 -0.292908 -0.488902
Input-Hidden 0.15105 0.359491 0.308247 -0.467279 -0.177614
Input-Hidden -0.362484 -0.0410478 0.336669 0.338422 -0.0276529
Input-Hidden 0.239271 -0.371415 0.0701576 -0.482508 -0.356477
Input-Hidden -0.0530586 -0.0231142 0.0073086 -0.171048 0.324661
Input-Hidden -0.37408 0.157586 0.0658548 -0.244382 0.204992
Input-Hidden -0.275819 0.251761 -0.242785 0.0356389 0.0931514
Input-Hidden -0.0235375 -0.32351 -0.207762 0.421803 0.17946
Input-Hidden 0.270791 -0.496841 -0.0672375 -0.368824 -0.0751117
Input-Hidden -0.399226 -0.385434 -0.214019 0.0661312 0.0180502
Input-Hidden -0.409515 0.240744 0.129671 -0.195135 -0.382121
Input-Hidden 0.477113 -0.22626 -0.247434 0.280021 -0.469621
Input-Hidden 0.0769135 -0.446857 0.475166 0.0216509 -0.134637
Input-Hidden 0.0708133 0.0528384 -0.29408 0.301255 0.317013
Input-Hidden -0.319355 -0.204328 -0.397568 0.275033 -0.216606
Input-Hidden 0.466897 0.253277 0.0274565 0.222029 -0.201742
Input-Hidden -0.17903 -0.0209827 0.335511 -0.0109152 -0.343509
Input-Hidden -0.472543 -0.25546 0.413615 0.0467164 -0.142337
Input-Hidden -0.488657 0.369154 0.324084 -0.0314463 -0.363033
Input-Hidden -0.469821 -0.340368 0.459994 -0.394564 -0.403597
Input-Hidden -0.448725 -0.273152 -0.378946 -0.346887 -0.0491154
Input-Hidden 0.15342 -0.26916 0.431097 0.254883 -0.322435
Input-Hidden -0.113958 0.396234 -0.163215 0.121696 0.283848
Input-Hidden -0.34096 -0.153398 -0.414633 0.145808 0.418844
Input-Hidden 0.058934 -0.210152 -0.273842 0.104558 0.122786
Input-Hidden -0.34575 0.100244 -0.440575 0.0149523 -0.252145
Input-Hidden 0.32712 0.297 -0.231117 0.00166008 0.261852
Input-Hidden -0.125791 -0.362483 -0.306355 0.109046 -0.510586
Input-Hidden 0.370756 -0.184237 0.184811 0.0144944 -0.0844311
Input-Hidden 0.390518 0.0313267 -0.208691 0.147249 -0.440942
Input-Hidden 0.245011 -0.211862 0.392325 -0.110245 -0.201275
Input-Hidden 0.22067 -0.445058 -0.166278 0.133814 0.185414
Input-Hidden -0.291393 0.247667 -0.259805 0.306085 -0.408637
Input-Hidden 0.457883 0.348671 -0.214565 -0.454767 0.119219
Input-Hidden 0.477304 -0.413783 0.163491 -0.236103 0.145675
Input-Hidden -0.355853 -0.32599 0.257925 0.159458 -0.252075
Input-Hidden -0.4789 0.416576 -0.208222 0.0941115 0.302493
Input-Hidden 0.40395 -0.088326 -0.0839419 -0.15964 -0.0640737
Input-Hidden -0.242088 0.217123 0.0695202 -0.256043 0.425863
Input-Hidden 0.136345 0.0943644 0.355373 -0.0822587 0.164828
Input-Hidden -0.428515 0.475218 0.198065 0.446 0.48974
Input-Hidden 0.159041 -0.412431 0.470647 0.39851 -0.0205215
Input-Hidden 0.332853 0.0801601 -0.087748 -0.054844 0.272204
Input-Hidden 0.409151 0.126425 -0.0719157 -0.114786 -0.439127
Input-Hidden -0.472481 -0.387742 0.228767 -0.494729 0.373709
Input-Hidden -0.129363 0.1128 -0.00126323 0.434935 0.223897
Input-Hidden -0.256595 0.392347 0.133237 0.246259 -0.121031
Input-Hidden -0.194011 -0.365025 -0.437015 -0.42617 0.283008
Input-Hidden 0.258534 0.412282 0.14062 -0.00520621 -0.216028
Input-Hidden 0.328315 -0.395727 0.134586 -0.268094 -0.0762303
Input-Hidden -0.17278 0.203118 0.443312 -0.353507 -0.42961
Input-Hidden -0.47798 -0.341086 -0.274395 0.407583 0.20311
Input-Hidden 0.187852 -0.1954 -0.0671147 -2.85003e-05 -0.312523
Input-Hidden -0.308322 0.00545801 0.221437 0.0193294 -0.082942
Input-Hidden -0.150625 0.118794 0.131362 0.0823388 0.289497
Input-Hidden -0.262792 -0.224955 -0.216476 0.254506 0.0686551
Input-Hidden -0.0806089 0.471273 -0.204085 -0.0836383 -0.334622
Input-Hidden -0.0210397 0.265214 0.0581081 -0.286268 0.197985
Input-Hidden 0.053361 -0.108397 0.129808 -0.109147 0.256221
Input-Hidden 0.0843781 0.274679 -0.290549 0.195806 0.175297
Input-Hidden 0.423279 0.168188 -0.361273 -0.440542 -0.27779
Input-Hidden 0.193372 -0.49251 0.339616 -0.160656 -0.276523
Input-Hidden 0.279133 -0.460835 0.115804 0.251285 -0.153923
Input-Hidden -0.304165 -0.342815 -0.369328 0.313772 0.35273
Input-Hidden 0.139712 -0.194748 -0.283392 0.124484 0.333242
Input-Hidden -0.449848 -0.000311138 0.0559373 -0.179186 -0.232669
Input-Hidden 0.14096 0.141378 -0.131027 0.465818 -0.283187
Input-Hidden -0.461692 0.485935 -0.447949 -0.485466 -0.157169
Input-Hidden 0.219044 -0.257222 0.139518 0.14659 -0.355084
Input-Hidden -0.329788 0.165736 0.349799 0.0286477 -0.0925849
Input-Hidden 0.227928 -0.0104939 0.258241 -0.293006 0.251682
Input-Hidden -0.157651 0.16357 -0.180776 -0.05532 -0.226193
Input-Hidden 0.0671033 0.19463 0.369209 0.357645 -0.422938
Input-Hidden 0.233741 0.451294 0.366107 -0.325532 -0.41255
Input-Hidden 0.159234 0.189099 0.393079 -0.43713 -0.0822895
Input-Hidden -0.0119872 -0.41724 -0.276301 -0.104987 -0.326922
Input-Hidden -0.234765 0.12863 0.114842 0.0590209 0.290763
Input-Hidden -0.302767 0.339067 -0.0774524 0.29959 0.130463
Input-Hidden 0.41498 0.481717 0.373628 -0.23714 -0.412263
Input-Hidden 0.126604 0.283505 -0.222716 -0.389166 -0.258198
Input-Hidden 0.419352 -0.418406 0.170078 0.14309 0.150156
Input-Hidden 0.125477 0.216252 0.515365 -0.249302 0.10278
Input-Hidden 0.277502 0.297675 0.130069 -0.165506 -0.47384
Input-Hidden 0.0215381 0.0520485 0.313276 -0.15029 0.134195
Input-Hidden -0.326091 -0.177879 0.290275 -0.126065 0.0388151
Input-Hidden 0.0339343 -0.484324 0.513558 -0.242248 -0.164287
Input-Hidden -0.392631 -0.163277 0.429579 0.206096 0.366809
Input-Hidden -0.470954 -0.420148 0.395757 0.13135 -0.512863
Input-Hidden -0.087869 0.203286 0.443965 -0.181377 0.451419
Input-Hidden -0.0925616 -0.270513 -0.331999 0.296819 -0.469005
Input-Hidden -0.239863 0.207724 0.466524 -0.431381 -0.117839
Input-Hidden 0.119486 0.120099 0.167383 -0.137161 -0.520054
Input-Hidden 0.281234 0.176573 0.334055 0.179126 0.207935
Input-Hidden 0.0944692 -0.242096 -0.0885652 -0.0375066 -0.530957
Input-Hidden 0.457668 0.399341 0.361202 -0.0867974 -0.381773
Input-Hidden -0.193806 -0.21307 0.00435454 0.219764 0.196262
Input-Hidden -0.398496 0.357966 -0.193708 -0.365325 0.107175
Input-Hidden 0.227937 0.258066 -0.447946 0.352591 -0.150824
Input-Hidden -0.458639 0.156302 0.127052 -0.297744 0.087682
Input-Hidden -0.115587 0.400254 0.143963 0.116671 -0.290902
Input-Hidden 0.139379 -0.0146276 0.210578 -0.250622 0.215736
Input-Hidden 0.0828017 0.274862 -0.449684 0.0293112 0.151618
Input-Hidden 0.357298 0.42043 0.142084 0.0465546 -0.136646
Input-Hidden 0.0502372 -0.474729 -0.349867 -0.288355 0.00454981
Input-Hidden 0.465489 -0.193658 0.227162 0.173733 0.0291683
Input-Hidden -0.406222 0.0434438 0.130466 -0.0579568 0.22119
Input-Hidden 0.469828 -0.421431 -0.228729 0.230427 0.136309
Input-Hidden -0.228659 -0.323934 -0.211944 -0.415965 0.322338
Input-Hidden -0.316997 -0.324092 -0.309375 0.317821 -0.101381
Input-Hidden -0.12925 0.0955793 -0.346736 -0.324155 -0.173383
Input-Hidden 0.43203 0.0353143 -0.37699 0.0329372 -0.331888
Input-Hidden -0.505278 0.175853 -0.0396331 -0.395862 -0.263142
Input-Hidden -0.0974579 -0.193455 -0.308531 -0.217835 0.175773
Input-Hidden -0.046517 -0.444006 -0.147145 0.361995 0.123801
Input-Hidden -0.0689504 0.401885 0.267811 -0.207307 -0.400512
Input-Hidden 0.368191 -0.17278 0.446596 0.327536 -0.0962193
Input-Hidden -0.109752 0.1526 -0.254313 0.144352 0.122087
Input-Hidden 0.340504 -0.108451 -0.392736 -0.313873 0.364645
Input-Hidden -0.249941 -0.12943 -0.0836189 -0.0575712 -0.148138
Input-Hidden -0.436619 -0.195424 -0.052826 0.232823 -0.0858229
Input-Hidden -0.143075 -0.288051 -0.27373 -0.133745 -0.294404
Input-Hidden 0.00193015 -0.148068 0.469476 -0.492724 0.220885
Input-Hidden -0.410903 -0.0392085 -0.171617 -0.0130551 -0.229561
Input-Hidden 0.438059 -0.146888 0.181486 -0.24504 0.170156
Input-Hidden 0.106683 0.2566 0.0852218 0.178243 -0.442146
Input-Hidden 0.333904 -0.0673675 0.101726 0.439404 0.2001
Input-Hidden 0.449929 0.299303 0.435594 -0.175576 0.290886
Input-Hidden -0.233212 0.314145 -0.0386894 -0.229298 -0.132427
Input-Hidden 0.312769 0.302298 -0.0540271 -0.0395927 0.334887
Input-Hidden -0.126782 0.109157 -0.493438 -0.454708 -0.298324
Input-Hidden 0.12072 -0.435454 0.379296 0.413263 -0.293079
Input-Hidden -0.441041 0.0304347 0.440217 0.0235952 0.464729
Input-Hidden 0.0709698 -0.16037 0.0772496 -0.281018 0.282574
Input-Hidden 0.348168 0.141167 -0.0194023 0.479083 0.473463
Input-Hidden 0.183294 0.293969 0.437327 0.380043 0.475833
Input-Hidden -0.10629 -0.373099 -0.47804 -0.153077 0.233547
Input-Hidden -0.330925 -0.377644 -0.00573609 0.249126 -0.443764
Input-Hidden -0.298922 0.228192 0.458945 0.473947 0.262556
Input-Hidden 0.210504 -0.339701 0.0661309 0.175227 -0.501546
Input-Hidden 0.24472 0.21541 -0.0758068 -0.24132 0.374784
Input-Hidden -0.0534833 0.480778 0.459225 -0.136342 -0.1323
Input-Hidden -0.181 0.283655 -0.315615 0.185748 -0.135805
Input-Hidden -0.403465 -0.0804832 -0.491259 0.391212 0.399254
Input-Hidden 0.446671 0.0581958 0.149929 -0.223846 -0.319874
Input-Hidden -0.314311 -0.456549 -0.407183 -0.458547 0.00507803
Input-Hidden -0.365412 -0.39187 0.457245 -0.056595 -0.191397
Input-Hidden -0.39604 -0.359833 -0.149825 0.102539 -0.387696
Input-Hidden -0.00159101 0.227248 -0.260581 0.48563 0.225655
Input-Hidden -0.335696 -0.198679 -0.418296 0.338855 0.160016
Input-Hidden 0.0366487 0.284223 0.367091 -0.39862 -0.0456766
Input-Hidden 0.031464 0.435176 0.319349 -0.352607 0.36629
Input-Hidden -0.123797 -0.231918 -0.159033 -0.15556 0.272517
Input-Hidden -0.111573 -0.120963 0.246341 0.451679 0.432504
Input-Hidden -0.385601 0.00557896 -0.32885 0.153272 -0.299979
Input-Hidden 0.298608 0.262852 0.163786 -0.372871 0.495965
Input-Hidden -0.413435 0.410576 0.328369 -0.238928 0.142949
Input-Hidden 0.0979409 0.446908 0.19161 0.341903 -0.180423
Input-Hidden -0.443547 -0.318046 0.362343 -0.446391 -0.443956
Input-Hidden 0.15657 0.0515009 0.256332 -0.265529 0.255138
Input-Hidden 0.338355 0.375621 0.405216 -0.359145 0.189241
Input-Hidden -0.0946344 0.174142 -0.116979 0.378411 -0.0435268
Input-Hidden -0.377045 -0.442907 0.243444 -0.0950346 -0.341819
Input-Hidden -0.139379 -0.290629 -0.142472 0.15365 0.0741653
Input-Hidden 0.343531 0.27627 -0.0155425 -0.211566 -0.305517
Input-Hidden -0.279658 -0.356363 0.0778722 -0.477703 0.170435
Input-Hidden -0.494603 0.174236 -0.244464 -0.469002 0.11138
Input-Hidden -0.00377721 0.272853 -0.453112 0.118531 0.455871
Input-Hidden 0.170037 -0.330377 0.298389 -0.453438 0.209588
Input-Hidden 0.0608724 0.0866632 -0.242348 -0.00153342 0.340652
Input-Hidden -0.275413 -0.10709 -0.00930812 -0.269432 0.256177
Input-Hidden -0.136909 0.253458 0.0479197 0.263743 -0.325162
Input-Hidden -0.199564 0.29176 0.113988 -0.269651 0.113185
Input-Hidden 0.0648373 0.421764 0.148648 0.0538436 -0.0488765
Input-Hidden 0.191447 0.327492 0.0635621 0.131771 0.303055
Input-Hidden -0.242057 -0.0927236 -0.00716197 0.292113 -0.478501
Input-Hidden -0.138929 0.46749 -0.067066 0.46974 -0.0122563
Input-Hidden -0.0384328 0.417632 0.24083 -0.45517 -0.387472
Input-Hidden -0.446546 0.403709 -0.507354 0.273579 0.173272
Input-Hidden 0.474229 -0.43451 0.400042 0.274834 -0.339206
Input-Hidden 0.0778457 -0.203915 -0.298208 -0.222318 0.477095
Input-Hidden 0.480413 0.447444 -0.00841155 0.071541 -0.232311
Input-Hidden -0.389061 0.383374 -0.0695268 0.256212 -0.160079
Input-Hidden 0.123397 -0.339681 0.438779 0.0382075 0.269131
Input-Hidden -0.177774 -0.425323 -0.0471557 0.45353 -0.418413
Input-Hidden 0.420378 -0.262995 0.165683 0.393118 0.379026
Input-Hidden -0.343021 -0.397386 0.239465 0.479395 -0.318372
Input-Hidden 0.103906 -0.361364 0.140567 -0.284594 -0.301045
Input-Hidden -0.169303 0.0349586 0.0656549 -0.434053 -0.0456667
Input-Hidden 0.0572029 0.465811 -0.273172 -0.35893 -0.460376
Input-Hidden 0.430398 0.202774 0.336994 -0.406002 0.0186836
Input-Hidden 0.406291 0.386461 -0.13017 -0.261559 -0.426915
Input-Hidden -0.394059 -0.10142 -0.214675 -0.315422 -0.0105295
Input-Hidden 0.181907 -0.318671 -0.331935 -0.228648 -0.0965093
Input-Hidden 0.158697 -0.347103 -0.237207 0.41068 0.420829
Input-Hidden 0.237713 0.341969 -0.495375 0.215343 -0.238129
Input-Hidden -0.0598986 0.311942 -0.488297 0.504103 0.308413
Input-Hidden 0.465909 0.401457 0.394492 -0.262245 -0.343829
Input-Hidden -0.404583 0.33333 0.178969 0.350294 0.1575
Input-Hidden -0.0304023 -0.0563161 -0.131595 0.080219 -0.0382552
Input-Hidden -0.0904351 -0.348105 0.0879368 0.37514 -0.00538875
Input-Hidden 0.0802286 -0.174024 -0.315146 -0.358731 -0.222585
Input-Hidden 0.354792 -0.025965 -0.0046545 -0.292967 0.146962
Input-Hidden 0.438594 -0.4158 0.303007 0.0260136 0.286985
Input-Hidden -0.282228 0.281126 -0.53884 0.375644 0.213702
Input-Hidden 0.173305 0.0520421 0.163931 0.416203 0.539404
Input-Hidden -0.303597 0.195935 0.0373638 -0.247871 0.0607696
Input-Hidden -0.266582 -0.312394 0.219934 0.426599 0.399044
Input-Hidden 0.045731 -0.281948 -0.369939 0.0153232 -0.108274
Input-Hidden 0.201303 0.209897 -0.489059 0.329866 -0.242496
Input-Hidden -0.259528 0.00609382 -0.0410891 0.432089 0.441682
Input-Hidden 0.291909 0.133608 0.282218 0.396938 -0.19235
Input-Hidden -0.255898 0.355804 0.133126 0.073218 0.29776
Input-Hidden -0.376742 0.422686 0.186815 -0.153332 -0.146786
Input-Hidden -0.27142 0.412192 -0.112624 0.121601 -0.144342
Input-Hidden -0.247633 -0.415125 0.425685 -0.0704303 0.375259
Input-Hidden 0.181034 0.113509 -0.0960108 -0.477496 -0.334661
Input-Hidden 0.131684 0.481477 0.179878 -0.0778107 0.0649297
Input-Hidden -0.266364 0.087831 0.135888 -0.0539333 -0.0434114
Input-Hidden -0.217563 0.018307 0.236952 0.107383 0.0363832
Input-Hidden 0.433607 0.236921 0.102797 0.291935 0.481456
Input-Hidden -0.430004 -0.313262 -0.268941 -0.0374863 -0.368207
Input-Hidden -0.257285 0.22961 -0.00604269 -0.316804 -0.180093
Input-Hidden 0.0267159 -0.0528437 -0.447542 0.117152 -0.118513
Input-Hidden 0.0759489 -0.409648 0.226231 -0.243416 -0.0245397
Input-Hidden 0.277674 -0.319827 0.0137363 0.334235 -0.236913
Input-Hidden -0.104303 0.469577 0.186943 0.174675 -0.376261
Input-Hidden 0.305342 -0.382828 0.203727 0.436508 0.213614
Input-Hidden -0.0559641 -0.400247 -0.0798129 -0.198847 -0.370871
Input-Hidden -0.490843 -0.227254 0.336369 -0.225753 -0.300024
Input-Hidden -0.104576 0.104236 0.119107 -0.246362 0.190141
Input-Hidden 0.381636 -0.205214 0.291806 0.0903781 0.463133
Input-Hidden -0.37915 0.350104 -0.0812645 -0.235137 0.283705
Input-Hidden -0.352173 -0.398895 -0.0216618 0.439708 -0.470059
Input-Hidden 0.133919 0.416778 0.1533 0.308647 -0.483113
Input-Hidden 0.499613 0.28207 0.268826 -0.399727 -0.0651995
Input-Hidden 0.246392 -0.16825 0.39961 -0.00449333 -0.386306
Input-Hidden 0.408981 -0.446331 0.463725 0.016262 -0.232822
Input-Hidden 0.285023 0.378892 -0.482961 -0.10138 0.445996
Input-Hidden 0.440438 -0.153052 -0.229001 -0.463289 -0.218328
Input-Hidden -0.246692 -0.0961681 0.285546 -0.279902 0.465709
Input-Hidden 0.237456 -0.151218 0.00466824 -0.298663 -0.215985
Input-Hidden 0.0106454 0.49477 0.0705943 -0.440633 -0.317136
Input-Hidden 0.460547 -0.309785 -0.0804616 0.0157532 -0.148912
Input-Hidden 0.160567 -0.0082384 0.229709 -0.415501 0.476069
Input-Hidden 0.27337 -0.299049 -0.335181 -0.117673 0.339173
Input-Hidden 0.280656 0.110963 0.348553 0.372262 0.379537
Input-Hidden -0.275562 0.143644 -0.239105 0.244468 -0.0233807
Input-Hidden 0.159722 0.0468762 -0.070423 -0.447831 0.296402
Input-Hidden -0.000434237 0.458664 0.493327 -0.324479 -0.180142
Input-Hidden 0.139094 -0.0732881 0.237234 0.271999 0.46144
Input-Hidden -0.343708 -0.265288 -0.264037 0.300526 0.172716
Input-Hidden -0.440554 -0.187726 0.378649 -0.446338 -0.0694853
Input-Hidden 0.124918 0.123695 -0.434729 -0.0998273 -0.00483131
Input-Hidden -0.435188 0.0101533 -0.0294204 -0.469126 -0.429481
Input-Hidden -0.0164608 0.265826 0.0597379 0.159821 0.159104
Input-Hidden -0.267348 -0.0724474 -0.332371 -0.359393 -0.385208
Input-Hidden -0.319599 0.172337 0.272842 -0.423613 -0.211533
Input-Hidden -0.065725 0.102587 -0.479737 -0.410135 0.0983801
Input-Hidden -0.343895 0.0899553 -0.44639 0.346757 -0.0169053
Input-Hidden -0.114705 -0.125802 0.292454 -0.201927 0.361039
Input-Hidden -0.121357 0.0613671 0.279424 -0.114389 -0.479241
Input-Hidden -0.140135 0.492707 -0.172913 0.338861 -0.505386
Input-Hidden -0.444814 0.209616 -0.0865211 0.166282 0.0618216
Input-Hidden 0.240409 0.312907 0.395357 0.185761 -0.228622
Input-Hidden -0.176763 0.343472 -0.047167 0.330632 0.486154
Input-Hidden 0.0735385 0.216535 -0.452784 0.0713791 -0.350528
Input-Hidden 0.0900007 0.387276 -0.00574283 -0.114176 0.425104
Input-Hidden 0.437445 -0.114608 0.225799 -0.390615 -0.0542168
Input-Hidden 0.500499 -0.213393 -0.463337 0.160962 -0.425761
Input-Hidden 0.0499341 -0.105094 -0.378171 0.301325 -0.363468
Input-Hidden -0.20572 -0.120612 0.354547 -0.391055 0.0964487
Input-Hidden 0.0674804 -0.0940653 0.420618 0.044301 -0.120158
Input-Hidden 0.0709327 0.431458 -0.428952 0.071648 0.123684
Input-Hidden -0.35774 0.00196793 0.460666 0.432902 -0.354169
Input-Hidden -0.313324 0.0138269 -0.0297079 -0.265199 0.213777
Input-Hidden 0.159865 0.0994606 -0.16948 0.444941 -0.23245
Input-Hidden 0.215679 -0.0652862 -0.432614 -0.409181 -0.15506
Input-Hidden 0.191965 -0.228966 -0.427243 0.142322 -0.282605
Input-Hidden -0.194677 0.18743 0.0796538 0.15618 0.0405041
Input-Hidden 0.37572 -0.18 -0.00793677 0.0256374 0.0942327
Input-Hidden 0.25507 0.176082 -0.206375 -0.270426 -0.190341
Input-Hidden -0.264038 -0.369013 0.148411 -0.413468 0.471811
Input-Hidden -0.456189 -0.469939 -0.405909 -0.493751 -0.0949346
Input-Hidden 0.247389 -0.161939 -0.167215 -0.419808 0.0644815
Input-Hidden -0.160401 0.467935 0.270634 0.196485 0.155203
Input-Hidden -0.000227366 0.3417 0.0346293 -0.187043 -0.173103
Input-Hidden 0.154833 -0.198285 0.185323 -0.526974 0.155941
Input-Hidden -0.205032 0.194881 0.314495 0.41056 -0.333567
Input-Hidden -0.0285734 0.344516 -0.0329585 -0.316522 0.387966
Input-Hidden -0.119982 -0.293005 0.419161 -0.47288 0.0734174
Input-Hidden 0.309079 -0.25727 -0.255155 0.270111 -0.168818
Input-Hidden 0.120764 0.166336 -0.325076 0.286919 -0.194172
Input-Hidden 0.238741 0.25443 0.404543 0.434891 -0.164997
Input-Hidden -0.042917 0.0630392 -0.252161 -0.338818 0.214472
Input-Hidden -0.295549 -0.492327 -0.0902764 -0.358939 -0.420625
Input-Hidden -0.0236131 -0.105125 -0.40781 0.31109 0.236345
Input-Hidden -0.0127377 0.139126 -0.387933 -0.434097 0.135387
Input-Hidden -0.0673505 0.395022 0.413017 -0.362658 -0.295649
Input-Hidden -0.206801 0.349962 0.371083 0.406809 -0.470998
Input-Hidden 0.291866 -0.338096 -0.478279 -0.316218 0.113678
Input-Hidden 0.0147616 0.264791 0.116424 -0.065167 -0.0515691
Input-Hidden 0.156888 0.310873 -0.133269 -0.474698 0.469791
Input-Hidden -0.305849 0.194961 -0.0629741 -0.176361 0.333489
Input-Hidden -0.476878 0.383746 0.319382 0.410325 0.0916466
Input-Hidden 0.0173807 0.208394 -0.331247 0.192925 -0.105473
Input-Hidden -0.305493 -0.321044 0.00653384 -0.1415 -0.136385
Input-Hidden 0.373048 0.272695 0.297995 -0.503373 -0.119913
Input-Hidden -0.355449 0.339148 0.288965 0.0438793 -0.0705719
Input-Hidden 0.10134 0.42465 0.250574 0.148954 0.060591
Input-Hidden -0.376289 0.20425 0.421936 0.209733 -0.386124
Input-Hidden -0.159709 0.47107 0.424371 -0.0944961 -0.085824
Input-Hidden -0.203668 -0.329125 -0.415224 -0.441316 -0.309655
Input-Hidden 0.427892 0.297684 0.380483 -0.489646 -0.120153
Input-Hidden 0.120379 -0.264546 -0.371954 0.129972 0.153244
Input-Hidden -0.213128 -0.441941 -0.394242 -0.434257 0.00353839
Input-Hidden 0.441722 -0.324363 -0.384313 0.118963 0.00828469
Input-Hidden -0.309236 0.0563153 0.113533 0.369775 -0.259491
Input-Hidden 0.346356 -0.453899 0.463671 -0.0677459 -0.297437
Input-Hidden 0.505731 -0.0932874 0.0920852 -0.230755 0.0722069
Input-Hidden 0.0677881 0.429971 0.416118 -0.0937269 0.409789
Input-Hidden 0.159657 -0.485353 0.430193 0.0422629 0.463704
Input-Hidden 0.134574 0.441333 -0.299643 -0.0570863 -0.310747
Input-Hidden -0.067829 -0.0602821 -0.00898349 0.0105548 0.323843
Input-Hidden -0.0241706 -0.224245 0.461386 0.464526 0.481394
Input-Hidden 0.185452 -0.03317 0.164894 0.484152 0.398997
Input-Hidden -0.0335447 -0.115513 -0.014557 -0.153428 -0.119139
Input-Hidden 0.244109 -0.118221 0.0255577 -0.222949 0.0763822
Input-Hidden -0.408816 0.205964 -0.505444 -0.357102 0.109327
Input-Hidden -0.185938 0.225638 -0.493617 -0.19909 -0.256481
Input-Hidden 0.09554 0.00236961 -0.170131 -0.00791574 0.0665403
Input-Hidden -0.241769 0.0167317 0.139391 0.287271 -0.0305712
Input-Hidden -0.258246 -0.34327 0.0916372 0.166383 0.359935
Input-Hidden 0.343926 0.147402 0.0137803 0.279978 0.119868
Input-Hidden 0.0451768 -0.295901 0.3365 -0.226282 0.265373
Input-Hidden 0.187187 0.0914565 -0.0143359 0.342716 -0.219872
Input-Hidden 0.0842705 -0.228132 -0.00880265 0.217729 -0.104132
Input-Hidden -0.268718 -0.423129 0.449798 0.128584 -0.167894
Input-Hidden -0.144546 -0.292995 0.400059 0.00400833 0.133737
Input-Hidden 0.398289 0.0429389 0.371256 0.0387976 0.0671722
Input-Hidden 0.365306 -0.346608 -0.0247533 0.416316 0.291854
Input-Hidden 0.377875 0.120445 0.151044 -0.375975 -0.0774138
Input-Hidden -0.13448 -0.24602 0.086772 0.202648 -0.431542
Input-Hidden -0.340092 -0.346006 -0.0322849 0.00547431 -0.343441
Input-Hidden -0.17002 -0.395935 -0.118666 -0.230779 -0.371416
Input-Hidden 0.320916 -0.362891 -0.0125134 -0.0808077 -0.216962
Input-Hidden -0.496857 -0.194995 0.132075 -0.440539 0.0640268
Input-Hidden 0.312015 0.366268 0.387897 -0.0611044 0.235686
Input-Hidden 0.0342651 -0.0392377 0.109283 0.380888 0.203211
Input-Hidden 0.434147 -0.119519 0.357609 -0.139213 -0.324865
Input-Hidden 0.0793795 0.472166 -0.0519336 0.0505281 -0.0530092
Input-Hidden 0.0460563 -0.161388 0.267065 -0.117767 -0.406233
Input-Hidden -0.326011 0.464834 -0.320522 0.133645 0.229204
Input-Hidden -0.453825 0.160687 -0.439326 0.412581 -0.33601
Input-Hidden -0.273907 -0.494948 0.0476266 0.114568 0.280994
Input-Hidden -0.338376 0.466178 0.178895 0.114806 0.160708
Input-Hidden -0.317011 0.286541 0.156288 0.0769524 0.356592
Input-Hidden 0.0520654 0.482103 0.00111882 0.0530836 0.304751
Input-Hidden -0.214452 -0.436306 -0.0052865 -0.140664 -0.242577
Input-Hidden -0.449168 0.44662 0.171404 0.10069 0.267516
Input-Hidden 0.216946 0.145208 -0.32361 -0.229453 -0.199597
Input-Hidden 0.255676 -0.00181558 -0.340776 0.104031 0.420365
Input-Hidden -0.372499 0.118403 -0.231766 0.382639 0.309811
Input-Hidden -0.355903 -0.356674 -0.271581 0.380322 -0.379635
Input-Hidden -0.380441 -0.352815 -0.163227 -0.413322 0.401921
Input-Hidden -0.395534 0.257819 -0.0736723 0.154246 -0.251218
Input-Hidden 0.229812 -0.305149 0.328564 0.17023 0.212397
Input-Hidden 0.219961 -0.209322 -0.0584821 -0.279742 -0.417838
Input-Hidden 0.0428634 0.297231 -0.117456 0.0629002 0.226478
Input-Hidden 0.0753316 0.100823 0.383496 0.488173 -0.319483
Input-Hidden 0.47483 0.301063 0.239768 0.307729 0.399757
Input-Hidden 0.206804 0.30583 -0.47233 -0.316293 -0.080745
Input-Hidden 0.019269 0.264202 -0.50521 0.0538981 0.497254
Input-Hidden 0.256364 -0.368768 -0.374026 0.0377758 -0.242535
Input-Hidden 0.402421 0.29191 0.2158 0.464481 -0.332229
Input-Hidden 0.19068 0.298544 0.326916 -0.00173861 -0.324705
Input-Hidden 0.311475 0.412322 -0.187143 0.251144 0.225127
Input-Hidden 0.0349252 0.170723 -0.0120589 0.204129 -0.0836611
Input-Hidden -0.206122 0.435641 0.183734 -0.275682 -0.271805
Input-Hidden -0.440597 -0.0858761 0.326248 -0.2291 0.40385
Input-Hidden -0.180793 -0.390467 -0.182455 0.146589 0.543005
Input-Hidden -0.36929 -0.414133 0.352915 -0.0105926 0.117953
Input-Hidden -0.169523 0.503116 -0.385989 0.106416 -0.0639971
Input-Hidden -0.213646 -0.229906 -0.554695 -0.166326 -0.0464849
Input-Hidden 0.128677 -0.083928 -0.536524 0.143834 0.414368
Input-Hidden -0.408386 -0.072024 -0.483279 0.174553 -0.306927
Input-Hidden 0.303038 0.130026 -0.0761022 -0.319847 0.457108
Input-Hidden 0.196537 -0.494544 -0.0353129 -0.22153 0.0746644
Input-Hidden 0.359351 -0.436264 0.365423 0.449211 -0.144496
Input-Hidden -0.113173 -0.256994 0.198976 0.203193 0.102835
Input-Hidden 0.384397 0.249472 -0.549712 -0.40792 -0.0517228
Input-Hidden -0.0109117 0.225831 -0.572032 0.361656 0.508907
Input-Hidden 0.336657 0.399302 0.263461 0.390537 -0.275813
Input-Hidden -0.44325 0.00949216 -0.265061 -0.0875036 -0.0721774
Input-Hidden 0.251464 -0.141444 0.208918 0.2936 0.0334572
Input-Hidden -0.332598 -0.106915 -0.53187 0.100702 0.236904
Input-Hidden -0.34763 -0.304847 -0.177338 -0.0142495 0.345861
Input-Hidden -0.248387 0.0723748 -0.236879 0.288595 -0.417155
Input-Hidden 0.438238 0.429877 -0.255065 0.490642 -0.0614212
Input-Hidden -0.0994364 0.405565 -0.153979 0.423175 0.0732487
Input-Hidden 0.204826 -0.0449435 0.346672 0.373896 -0.344098
Input-Hidden 0.256809 0.493301 -0.379962 0.173948 -0.202755
Input-Hidden -0.451974 -0.290916 0.0250378 0.493558 -0.228136
Input-Hidden -0.273821 0.456797 -0.188565 0.469007 -0.299484
Input-Hidden 0.176348 -0.318298 -0.418486 0.0197747 -0.371724
Input-Hidden -0.261859 0.225845 0.184774 0.259444 0.0392944
Input-Hidden -0.161739 0.22742 -0.157171 0.164943 -0.314451
Input-Hidden 0.383737 -0.123931 0.413867 -0.426364 -0.109577
Input-Hidden -0.473599 -0.338888 0.0347312 -0.447211 -0.355867
Input-Hidden -0.00822465 0.0229461 0.347694 -0.0549192 0.40725
Input-Hidden -0.465302 0.257647 0.157711 -0.231016 -0.0923336
Input-Hidden -0.524259 -0.428638 -0.437005 -0.142507 0.376733
Input-Hidden 0.4515 -0.170484 0.356895 -0.25475 0.373841
Input-Hidden -0.405469 0.480317 -0.549335 -0.012511 0.5443
Input-Hidden 0.397594 -0.449318 0.0175947 -0.217284 -0.312957
Input-Hidden -0.156888 -0.233484 -0.211874 -0.321104 -0.209108
Input-Hidden 0.447742 0.168677 -0.00359125 -0.145443 -0.0496129
Input-Hidden 0.195427 -0.396295 0.377424 -0.18454 -0.35768
Input-Hidden 0.22763 -0.421886 -0.0699761 0.404854 -0.242224
Input-Hidden -0.23473 -0.348089 -0.106077 -0.211631 -0.269655
Input-Hidden 0.0707402 -0.247534 0.0138689 0.322484 -0.34336
Input-Hidden -0.36765 0.34068 0.392382 -0.337695 0.306191
Input-Hidden 0.0239118 -0.392286 -0.238712 0.452596 -0.129123
Input-Hidden 0.0834284 0.136035 -0.519377 0.222733 0.357968
Input-Hidden -0.0838243 0.426636 0.191326 0.111404 0.0502546
Input-Hidden 0.200033 -0.031316 -0.238331 0.162171 0.00687994
Input-Hidden 0.323935 0.367091 -0.0705119 -0.447877 0.127886
Input-Hidden -0.45845 -0.162591 0.373338 -0.403455 -0.276209
Input-Hidden -0.524096 0.144216 0.301694 -0.073337 -0.322267
Input-Hidden -0.52954 -0.272605 0.344926 0.419132 -0.211083
Input-Hidden -0.47399 -0.410431 -0.217642 0.357483 -0.145887
Input-Hidden 0.280539 -0.0337093 -0.16303 0.220281 0.326455
Input-Hidden -0.285918 -0.468117 0.306575 -0.305497 -0.240724
Input-Hidden -0.256214 -0.374285 -0.136609 0.491548 0.315576
Input-Hidden -0.25316 0.207598 0.237243 0.512207 0.444388
Input-Hidden 0.442534 0.289004 0.0781026 0.0644474 -0.32533
Input-Hidden 0.342063 -0.311982 0.152768 -0.121967 0.153357
Input-Hidden -0.384104 -0.176241 0.338088 0.07349 -0.423948
Input-Hidden -0.0421958 0.494626 -0.56919 0.21346 0.0243768
Input-Hidden 0.156247 -0.233851 0.229786 -0.285702 -0.0311425
Input-Hidden 0.0205948 -0.287829 -0.45296 0.506282 0.284128
Input-Hidden -0.225642 0.485842 0.294427 0.344886 0.447438
Input-Hidden -0.0864452 -0.070117 0.304353 0.151111 0.535672
Input-Hidden -0.43506 0.106396 0.042304 -0.355999 0.0314135
Hidden-Output -0.851822
Hidden-Output 0.178536
Hidden-Output -2.34294
Hidden-Output 1.45022
Hidden-Output 2.42106
Hidden Biases -0.162695
Hidden Biases -0.384587
Hidden Biases -1.00584
Hidden Biases 0.792675
Hidden Biases 0.809606
Output Biases -0.257676
