ApplyInputSize 1600
ApplyHiddenSize 5
ApplyOutputSize 1
ApplyLearningRate 0.3
Input-Hidden 0.841612 -1.26687 0.167707 -0.0710302 -1.67019
Input-Hidden 0.844136 -0.765077 0.24397 0.108 -0.410443
Input-Hidden 1.12767 -0.620694 0.364629 -0.68595 0.0231452
Input-Hidden 0.751144 -0.631598 0.14517 0.0462463 -0.603717
Input-Hidden 0.533208 -0.500087 -0.525438 -0.637941 -0.0788096
Input-Hidden 0.190449 -0.565255 -0.254668 -0.589273 0.466426
Input-Hidden 0.147409 -0.937664 -0.0955735 0.172501 0.604741
Input-Hidden 0.949095 -0.805795 -0.379398 -0.609375 0.362266
Input-Hidden 1.02486 -0.601803 -0.0627712 0.201735 0.224872
Input-Hidden 0.300407 -0.385855 0.362229 -0.610644 0.229923
Input-Hidden 0.600089 -0.559537 -0.236503 -0.486773 0.201704
Input-Hidden 0.430269 -0.043422 0.241343 -0.505046 -0.350739
Input-Hidden 1.03447 -0.418139 -0.352206 -0.580613 0.0476835
Input-Hidden 0.845751 -0.489119 -0.531577 0.16979 0.45117
Input-Hidden 0.96286 -0.759943 0.10425 -0.462872 -0.0923516
Input-Hidden 0.905691 0.0262624 -0.26035 -0.366453 -0.19542
Input-Hidden 0.16717 -0.704282 0.367126 -0.52994 -0.281634
Input-Hidden 0.541328 -0.148415 -0.112806 -0.387204 -0.471692
Input-Hidden 0.446142 -0.719349 -0.413766 -0.324558 0.203821
Input-Hidden -0.0124315 -0.355116 -0.38854 -0.179312 0.392143
Input-Hidden 0.886179 -0.541424 0.207791 0.224128 -0.25238
Input-Hidden 0.162891 -0.286239 0.383733 -0.332363 -0.313337
Input-Hidden 0.128355 -0.469177 -0.342283 0.217287 0.143133
Input-Hidden 0.00854231 -0.187814 -0.303077 0.0406943 0.258453
Input-Hidden 0.799159 -0.546458 -0.173348 0.0350598 -0.161579
Input-Hidden 0.838568 0.0252511 0.0974158 -0.396138 -0.49473
Input-Hidden 0.750883 -0.643739 0.106345 -0.448787 -0.0944604
Input-Hidden 0.486695 -0.285552 -0.381322 -0.47666 -0.399157
Input-Hidden 0.0691439 0.0312774 0.0659006 -0.289145 -0.338677
Input-Hidden 0.437137 -0.355025 -0.299519 0.205504 0.0284027
Input-Hidden 0.966022 -0.526821 -0.291584 0.310355 -0.157004
Input-Hidden 0.510041 -0.286079 0.212239 -0.155643 0.166012
Input-Hidden 0.739838 -0.159994 0.0746784 0.059829 -0.442372
Input-Hidden 0.516098 -0.156866 0.301319 -0.473218 -0.349839
Input-Hidden 0.17647 -0.193352 -0.156788 -0.114891 -0.27604
Input-Hidden 0.575416 0.0705227 0.287886 -0.391464 -0.0167735
Input-Hidden 0.771289 -0.517924 0.177357 -0.169404 0.260715
Input-Hidden 0.69628 -0.437737 -0.07636 -0.478148 -0.182692
Input-Hidden 0.842928 -0.0444336 -0.390872 0.156738 0.329707
Input-Hidden 0.91102 -0.71123 -0.405352 -0.000995709 -0.306481
Input-Hidden 0.672433 -0.396607 0.115434 -0.161243 -0.422029
Input-Hidden 0.453418 -0.124816 0.399601 -0.562216 -0.473459
Input-Hidden 0.737377 -0.0148835 0.387362 -0.329471 0.0355414
Input-Hidden 0.733485 -0.00842112 0.39478 -0.365945 -0.285464
Input-Hidden 0.411885 -0.291225 0.103692 0.033435 -0.437389
Input-Hidden 0.637193 0.0636532 -0.237753 -0.324495 -0.147417
Input-Hidden -0.0685611 -0.535557 -0.335426 -0.431976 0.231456
Input-Hidden 0.585919 -0.808984 -0.396541 -0.195774 0.238988
Input-Hidden 0.0767922 -0.356238 0.327677 -0.0957817 -0.361312
Input-Hidden 0.515941 -0.755389 -0.111594 0.206206 0.468617
Input-Hidden 0.734911 -0.0342857 -0.145367 0.162549 -0.099114
Input-Hidden 0.44962 -0.402994 -0.0545698 -0.156062 -0.217805
Input-Hidden 0.751735 -0.184777 -0.549414 -0.489765 0.394472
Input-Hidden 0.565656 -0.123433 0.372782 -0.186501 -0.215743
Input-Hidden -0.195506 -0.0618309 -0.224849 -0.372029 0.0405326
Input-Hidden 0.260749 -0.447756 -0.189554 -0.141327 -0.46341
Input-Hidden 0.526617 -0.385906 -0.515318 -0.408924 -0.375158
Input-Hidden 0.056261 0.0700835 -0.462363 -0.510217 0.470951
Input-Hidden -0.218469 -0.695124 -0.196997 -0.421292 -0.0131773
Input-Hidden -0.201445 -0.361624 -0.511562 -0.266267 -0.26264
Input-Hidden 0.322356 -0.216 -0.313354 0.208199 0.218109
Input-Hidden 0.672494 -0.176232 0.416803 0.259954 0.528766
Input-Hidden 0.0531863 -0.356903 0.291036 0.156999 0.40203
Input-Hidden -0.0163571 0.0768401 -0.423996 -0.225237 -0.0711097
Input-Hidden 0.259915 -0.548309 0.0733662 0.259145 -0.0250951
Input-Hidden 0.389014 -0.19806 -0.265874 -0.223487 0.16238
Input-Hidden -0.331485 0.205776 0.0974643 0.323843 0.260641
Input-Hidden 0.12076 0.0392862 -0.141677 0.395942 0.219092
Input-Hidden -0.169228 0.0518387 -0.14653 0.340186 0.173172
Input-Hidden -0.308891 -0.652096 -0.362703 -0.271535 0.279575
Input-Hidden 0.544643 0.0523967 0.00721742 -0.17018 0.274341
Input-Hidden 0.274661 0.142884 -0.247328 -0.497622 0.38595
Input-Hidden -0.325842 -0.339377 -0.375898 0.215666 -0.0827488
Input-Hidden 0.0157007 0.306721 0.326014 -0.290831 -0.0206223
Input-Hidden 0.254833 -0.302495 -0.0901951 -0.095317 -0.266064
Input-Hidden -0.136412 -0.121665 -0.347329 0.250264 0.0434652
Input-Hidden -0.00991872 0.307082 -0.449417 -0.430953 0.62197
Input-Hidden -0.26742 0.353383 0.111132 -0.489326 0.317975
Input-Hidden 0.0208939 -0.10997 0.256486 -0.181906 0.428378
Input-Hidden -0.243632 -0.49921 -0.0549703 0.355544 -0.296729
Input-Hidden 0.0567717 0.088863 0.283389 0.143504 0.239613
Input-Hidden 0.359019 -0.563685 0.264602 0.335563 0.137369
Input-Hidden -0.430333 0.224714 -0.0484794 -0.527559 0.426642
Input-Hidden 0.228318 0.39608 0.364328 -0.198133 0.291182
Input-Hidden 0.100049 0.372673 0.0192004 -0.148555 0.0558685
Input-Hidden 0.561196 -0.256194 0.113327 -0.0205882 0.0672021
Input-Hidden -0.171179 0.290723 0.102341 0.196851 -0.00548372
Input-Hidden 0.112153 -0.511027 0.362417 0.346451 0.516688
Input-Hidden 0.490927 0.396158 0.366696 0.263352 0.578911
Input-Hidden -0.125989 -0.126067 -0.284315 -0.38305 0.157778
Input-Hidden 0.265103 -0.213298 -0.301691 -0.0761484 0.481279
Input-Hidden -0.311774 -0.079463 0.0240178 0.416935 0.019983
Input-Hidden 0.190749 0.172928 0.307641 -0.214588 0.170647
Input-Hidden 0.29272 -0.185386 -0.407322 0.0569383 0.321221
Input-Hidden -0.0656292 0.0543341 -0.276535 -0.163383 0.0320134
Input-Hidden -0.30831 0.0324532 0.375338 -0.300273 0.366742
Input-Hidden -0.135868 0.0802009 0.144269 0.0280465 -0.273478
Input-Hidden 0.308341 -0.442321 -0.129113 0.0833615 0.325303
Input-Hidden -0.191893 -0.107671 -0.184412 -0.294106 0.18065
Input-Hidden -0.304144 0.265337 -0.432275 0.445974 -0.134591
Input-Hidden -0.0904858 -0.0552031 -0.409298 -0.284477 0.455722
Input-Hidden -0.175353 0.108675 0.307471 -0.0640295 0.375444
Input-Hidden 0.416312 0.151471 -0.130892 0.0399298 0.0703285
Input-Hidden -0.361265 0.0386178 -0.319765 0.365114 0.497704
Input-Hidden -0.249271 0.340173 -0.222003 -0.449187 0.0884465
Input-Hidden 0.459566 0.391336 0.433428 0.450117 0.202214
Input-Hidden 0.00773659 0.0307812 -0.267812 0.201505 0.653014
Input-Hidden 0.331013 -0.0380364 -0.212931 0.310022 0.26646
Input-Hidden -0.352797 -0.462523 -0.380354 0.417322 0.537955
Input-Hidden -0.0455815 -0.0366549 -0.455963 -0.192401 0.452199
Input-Hidden -0.061334 0.281563 0.467707 -0.289937 0.509477
Input-Hidden -0.0649574 -0.242331 -0.00596946 -0.292434 0.148898
Input-Hidden -0.0595981 0.187787 0.182696 -0.49983 -0.0377258
Input-Hidden -0.35449 0.0187036 -0.443927 -0.460131 0.290657
Input-Hidden -0.198959 -0.277461 0.238094 -0.273201 -0.237862
Input-Hidden 0.497142 -0.173254 -0.0942724 -0.290369 -0.025295
Input-Hidden -0.0461029 -0.322116 0.28061 0.340654 -0.23764
Input-Hidden 0.204513 -0.520807 -0.515093 -0.219326 0.240995
Input-Hidden -0.249501 -0.525697 0.327492 0.175893 -0.0950806
Input-Hidden -0.167843 0.328999 -0.470033 0.313462 -0.24176
Input-Hidden -0.39455 -0.396414 0.311997 -0.222236 0.391372
Input-Hidden 0.448665 -0.0132359 -0.374319 0.217385 -0.0867671
Input-Hidden -0.207364 0.353386 0.307831 0.20182 0.180768
Input-Hidden -0.273563 0.382193 -0.196925 0.0643049 -0.282237
Input-Hidden -0.0443429 -0.414861 0.301761 -0.421121 0.0762555
Input-Hidden -0.00333739 0.475119 0.191016 -0.0638716 0.465047
Input-Hidden 0.0820238 -0.0605139 -0.0136918 -0.318684 -0.223101
Input-Hidden -0.0577392 0.397205 -0.0463451 -0.035576 0.568586
Input-Hidden -0.279409 -0.00344828 0.300225 -0.247874 0.0420042
Input-Hidden -0.157637 0.361194 -0.50717 -0.476105 0.237251
Input-Hidden 0.332833 0.427533 0.00816636 0.404322 -0.28642
Input-Hidden -0.474784 -0.152576 -0.194911 -0.0168336 0.632915
Input-Hidden -0.300466 -0.402087 0.0368918 0.417759 0.343356
Input-Hidden -0.282635 -0.364088 0.251244 -0.486194 -0.285065
Input-Hidden 0.45511 -0.0303437 -0.261488 0.473806 0.36458
Input-Hidden -0.156879 0.0319322 0.0921589 -0.278045 0.0728436
Input-Hidden -0.113147 0.427753 -0.0884282 0.104133 -0.164585
Input-Hidden -0.0686511 0.470701 0.436006 -0.154436 0.288574
Input-Hidden 0.329552 -0.311358 -0.474044 -0.124106 0.463687
Input-Hidden -0.451934 -0.280555 0.203991 -0.0877748 -0.319928
Input-Hidden 0.0579711 -0.0360467 0.443914 -0.501184 0.328829
Input-Hidden 0.201972 -0.179532 -0.0328139 0.122378 0.583347
Input-Hidden -0.493645 0.0343746 -0.338543 0.463846 0.507572
Input-Hidden -0.187054 0.425894 0.143937 0.03831 -0.26125
Input-Hidden -0.222392 -0.458915 -0.00182734 0.333234 0.351086
Input-Hidden 0.269183 -0.276757 -0.301078 0.350258 0.131651
Input-Hidden -0.492973 -0.383756 0.324527 0.436427 0.214171
Input-Hidden 0.0131912 -0.0240039 0.2755 -0.134311 0.0222976
Input-Hidden 0.256452 -0.341248 0.136185 -0.373944 0.583604
Input-Hidden -0.0366005 0.394288 0.246884 0.212507 0.0409838
Input-Hidden 0.305223 -0.108579 -0.140032 -0.418061 0.397619
Input-Hidden 0.281305 0.182327 -0.400962 0.14192 0.601831
Input-Hidden 0.165045 -0.115781 0.176534 -0.146462 0.664571
Input-Hidden 0.0484914 0.448956 -0.313558 0.344963 0.285083
Input-Hidden -0.290022 -0.329855 0.450962 0.310378 0.333467
Input-Hidden -0.479205 -0.102876 0.0478762 0.328867 -0.244173
Input-Hidden 0.0231458 0.568698 -0.438769 0.201081 -0.213174
Input-Hidden 0.146456 -0.317846 0.0865002 -0.41305 0.46541
Input-Hidden -0.446982 -0.0383801 -0.169606 -0.240565 0.169063
Input-Hidden 0.0197721 0.219033 -0.247397 0.468201 0.435255
Input-Hidden -0.0716735 0.00251585 -0.503986 -0.291365 0.517091
Input-Hidden -0.362575 0.0844569 -0.293515 -0.0467924 -0.0353337
Input-Hidden 0.0653916 0.279005 -0.0800855 -0.0524404 0.100987
Input-Hidden -0.642371 -0.380256 -0.412028 0.246728 0.599395
Input-Hidden -0.452316 0.341384 0.339133 0.237846 0.0976308
Input-Hidden -0.106369 -0.362404 -0.303332 0.0631242 -0.0270983
Input-Hidden -0.618638 0.549658 -0.0579419 0.449619 0.752647
Input-Hidden -0.0034013 0.199749 -0.118279 0.197218 -0.0885943
Input-Hidden 0.000674168 0.266583 0.427774 0.024095 0.395035
Input-Hidden -0.155607 0.292408 0.461338 -0.165765 0.0516927
Input-Hidden -0.249767 0.123048 0.240171 0.349285 0.511111
Input-Hidden -0.503367 0.213982 -0.0555326 0.154955 0.400034
Input-Hidden -0.447967 0.00849036 -0.311409 0.0791951 0.477668
Input-Hidden 0.300821 -0.289767 0.220189 0.262755 0.578989
Input-Hidden 0.207709 -0.150335 -0.0158943 -0.0771213 0.317194
Input-Hidden 0.304643 0.0123454 -0.0591713 -0.0348045 0.0526934
Input-Hidden -0.362418 0.150248 -0.222675 -0.117074 0.186694
Input-Hidden -0.185706 0.344444 0.0670668 -0.0166872 0.39824
Input-Hidden 0.366946 0.51716 0.124199 0.133767 0.592807
Input-Hidden -0.445252 0.293609 -0.185042 0.449103 0.0325862
Input-Hidden -0.395634 0.126446 0.00419931 -0.308515 0.688425
Input-Hidden 0.404172 0.495784 0.0926637 0.502622 0.136023
Input-Hidden 0.232055 0.0607263 -0.0643331 0.00983251 -0.0175739
Input-Hidden -0.308822 0.112786 0.046522 -0.301589 0.743758
Input-Hidden -0.156131 0.0887502 -0.122311 0.0219903 0.729541
Input-Hidden -0.473086 0.510613 -0.259707 -0.242836 -0.0376303
Input-Hidden -0.0949366 -0.131431 0.233376 0.181071 0.180012
Input-Hidden -0.376398 -0.375573 -0.33779 -0.265552 0.502102
Input-Hidden -0.403332 0.463841 -0.471095 -0.443818 0.476978
Input-Hidden 0.204137 -0.0146668 0.0609827 -0.124737 0.683919
Input-Hidden -0.41253 -0.351934 -0.202377 -0.379877 0.389685
Input-Hidden -0.310071 0.360089 0.414112 -0.482171 0.0189537
Input-Hidden -0.258721 0.221091 -0.215944 0.025672 0.699132
Input-Hidden 0.101487 -0.401277 0.0722079 -0.0733967 0.580738
Input-Hidden 0.463814 0.268586 0.080502 -0.12641 0.177571
Input-Hidden -0.200689 -0.227576 -0.430883 0.36407 -0.209442
Input-Hidden 0.300002 0.450311 0.195348 0.2841 -0.0803984
Input-Hidden -0.186966 -0.420276 -0.222025 0.38134 0.417975
Input-Hidden -0.229692 0.0369856 -0.415345 -0.183129 0.218282
Input-Hidden 0.317839 -0.251795 0.078476 -0.150757 0.247877
Input-Hidden 0.190419 -0.443046 -0.270662 0.237902 0.385939
Input-Hidden 0.238707 -0.162639 0.028378 -0.00991635 0.194816
Input-Hidden 0.281131 0.416521 0.111961 0.0647989 -0.106273
Input-Hidden 0.0347913 0.0236578 -0.260391 0.0657626 0.0687916
Input-Hidden -0.166227 0.245238 -0.44457 -0.260601 -0.0294954
Input-Hidden 0.0415571 0.254296 0.0214685 0.191019 0.0820736
Input-Hidden 0.364193 -0.360608 0.362182 0.478383 0.380739
Input-Hidden 0.462404 0.204236 0.0988368 -0.434873 0.6327
Input-Hidden -0.377276 -0.399586 -0.459127 0.182858 0.00939514
Input-Hidden 0.00268497 0.320588 0.380552 0.362651 -0.135565
Input-Hidden 0.0364586 0.0396197 -0.192157 0.466956 0.368754
Input-Hidden 0.0509494 0.237179 -0.471734 -0.351492 0.0720854
Input-Hidden -0.262885 0.177277 -0.161522 -0.159941 -0.132938
Input-Hidden -0.433782 0.0315452 -0.405299 0.0948582 -0.130118
Input-Hidden -0.452922 0.125159 -0.455093 -0.311324 -0.191351
Input-Hidden -0.131666 -0.207716 -0.522342 0.347403 -0.0577611
Input-Hidden -0.305578 0.162929 0.326089 -0.26962 0.321254
Input-Hidden -0.458087 0.332961 -0.00986692 -0.00178488 0.31081
Input-Hidden -0.114933 0.439317 0.0152548 -0.0793916 0.227186
Input-Hidden -0.452812 0.0460586 0.164784 -0.074531 0.00197332
Input-Hidden -0.4139 0.321557 0.158745 0.0247029 0.265977
Input-Hidden -0.364661 -0.401718 -0.203368 0.0239862 -0.301617
Input-Hidden 0.0440287 -0.241053 0.209587 -0.35936 -0.360201
Input-Hidden -0.221119 -0.241319 -0.289116 0.0752932 -0.391922
Input-Hidden -0.454262 0.113101 0.221944 -0.201149 -0.366986
Input-Hidden -0.0181552 0.126103 -0.442955 -0.101691 0.180123
Input-Hidden 0.0821085 0.0460531 0.331067 0.067252 -0.0438132
Input-Hidden 0.0791157 0.0458182 0.105674 -0.306117 -0.0804148
Input-Hidden 0.426177 0.00827283 -0.173006 0.22617 0.508598
Input-Hidden -0.0828253 -0.425924 -0.476604 -0.318435 -0.0289265
Input-Hidden 0.0536995 -0.462637 -0.453751 0.247396 0.441454
Input-Hidden 0.211422 -0.266375 -0.114964 0.441463 -0.345109
Input-Hidden -0.431277 0.245902 0.265761 -0.245435 -0.338892
Input-Hidden -0.506132 0.255327 0.0671408 -0.124143 -0.157648
Input-Hidden 0.112457 0.192025 -0.341795 -0.155045 0.0454998
Input-Hidden -0.454288 0.190216 -0.049264 -0.101578 -0.388366
Input-Hidden 0.384757 -0.215482 -0.238163 -0.356964 0.00491116
Input-Hidden 0.101285 -0.317253 0.0130992 0.354061 -0.3065
Input-Hidden 0.150173 0.256275 -0.505658 0.367758 -0.2226
Input-Hidden -0.427291 0.493261 0.449718 -0.380373 -0.264808
Input-Hidden -0.110525 -0.352087 0.357253 0.361717 0.172874
Input-Hidden 0.20508 -0.0364263 -0.202294 0.380046 -0.193596
Input-Hidden -0.318768 0.0862524 -0.170998 0.422275 -0.240704
Input-Hidden -0.355906 0.171841 0.0639869 -0.15702 0.0866007
Input-Hidden 0.409927 0.258522 0.125455 -0.015834 0.380837
Input-Hidden -0.193546 0.47322 0.245622 -0.131822 -0.478367
Input-Hidden -0.321841 -0.308183 0.459174 -0.395075 -0.460401
Input-Hidden 0.453865 0.146327 -0.326123 0.0980769 -0.0569931
Input-Hidden -0.486283 -0.40275 -0.505083 0.426743 -0.146685
Input-Hidden -0.138377 0.484377 0.07975 -0.501677 -0.144159
Input-Hidden 0.329641 -0.473385 0.457344 -0.131899 0.331699
Input-Hidden 0.327604 0.119319 -0.227641 -0.399814 -0.0155055
Input-Hidden -0.510883 -0.0814429 -0.054084 0.402001 0.28415
Input-Hidden 0.00570872 0.225835 -0.130755 -0.469349 -0.551761
Input-Hidden -0.034268 -0.248126 0.133139 -0.23385 0.371677
Input-Hidden -0.384923 -0.103215 -0.426004 -0.406546 0.415361
Input-Hidden -0.0662004 0.172668 -0.104672 0.0259959 -0.106775
Input-Hidden -0.217205 -0.340954 -0.498341 0.0190655 -0.264545
Input-Hidden 0.16521 0.386651 -0.240642 0.460028 0.00691792
Input-Hidden 0.385426 0.307756 0.166599 -0.494671 0.434006
Input-Hidden 0.200645 -0.364339 -0.0292764 0.0430914 0.188331
Input-Hidden -0.0866351 0.148047 -0.131626 0.36393 -0.191405
Input-Hidden -0.214084 0.058161 -0.507756 -0.0302721 -0.0117246
Input-Hidden -0.336977 -0.1111 -0.365757 0.140835 -0.242919
Input-Hidden -0.293778 0.385962 -0.504152 0.37367 -0.13324
Input-Hidden -0.16477 -0.392015 -0.0908747 -0.305276 -0.436184
Input-Hidden 0.213363 0.373188 -0.331682 -0.484392 -0.395533
Input-Hidden -0.380661 -0.146659 -0.398131 -0.216993 -0.106565
Input-Hidden 0.478221 0.453279 -0.425592 0.22667 -0.457684
Input-Hidden 0.495412 -0.3039 -0.258954 0.337601 -0.184361
Input-Hidden -0.0805254 0.41791 -0.117621 0.335948 -0.487726
Input-Hidden 0.50951 0.0550038 0.0318147 0.287637 0.174283
Input-Hidden 0.127551 0.0864163 0.352131 0.300309 0.213438
Input-Hidden -0.386783 -0.381919 -0.10203 -0.455693 -0.330669
Input-Hidden 0.146955 -0.0379237 -0.0522708 -0.0277608 -0.276998
Input-Hidden 0.252663 -0.0697545 -0.250486 0.296118 0.135365
Input-Hidden 0.0905753 -0.385981 -0.114879 0.278665 -0.342584
Input-Hidden -0.315788 -0.0926317 0.441859 -0.155117 -0.00973319
Input-Hidden -0.133953 -0.421496 0.247804 0.31265 -0.284783
Input-Hidden 0.343013 0.158014 -0.44631 0.389671 -0.575426
Input-Hidden 0.146206 0.404882 0.354534 0.357652 -0.449813
Input-Hidden -0.361322 -0.00392796 0.0485738 0.354965 0.288241
Input-Hidden -0.0781726 0.286212 -0.502865 0.457998 0.168294
Input-Hidden 0.464648 -0.347644 0.327557 0.430623 -0.5844
Input-Hidden -0.00748664 0.412007 -0.0819143 -0.129247 0.191452
Input-Hidden 0.416407 -0.175442 -0.202699 0.163508 0.043095
Input-Hidden -0.341541 -0.158666 0.474135 -0.3717 0.227692
Input-Hidden 0.210244 -0.0212581 0.0996284 0.0431974 -0.283789
Input-Hidden 0.232185 -0.136346 -0.0756509 -0.409993 -0.128241
Input-Hidden -0.0923114 0.179498 -0.323372 0.265491 -0.460782
Input-Hidden -0.195204 0.311305 -0.257169 0.158741 0.205245
Input-Hidden 0.212679 0.457261 0.395647 0.122018 -0.513933
Input-Hidden 0.0897708 0.313931 -0.0944475 0.146624 -0.0983654
Input-Hidden -0.15972 0.218408 -0.337783 0.160726 -0.0238899
Input-Hidden -0.239026 0.289019 -0.121378 -0.0881803 -0.547458
Input-Hidden 0.295837 -0.46232 -0.153784 -0.291313 -0.291573
Input-Hidden -0.390405 -0.0185488 -0.0725096 -0.137374 0.225647
Input-Hidden 0.237548 -0.10678 0.300263 -0.489482 -0.40376
Input-Hidden 0.1849 0.128397 0.226181 0.114695 -0.134514
Input-Hidden -0.235877 0.325413 0.376265 -0.0591083 -0.491108
Input-Hidden 0.353207 -0.500706 -0.224415 0.403329 0.120857
Input-Hidden 0.524856 0.327109 -0.353156 0.0642867 -0.0321763
Input-Hidden 0.187386 -0.46477 -0.220256 -0.148208 -0.534632
Input-Hidden -0.319282 -0.333507 0.00437797 0.34137 -0.0404584
Input-Hidden 0.421944 -0.286709 -0.349152 -0.132703 -0.130681
Input-Hidden 0.0695683 -0.473878 -0.362989 0.235648 -0.15856
Input-Hidden -0.0646767 0.12366 0.162996 0.310248 -0.0281437
Input-Hidden -0.0880667 0.357148 -0.456817 0.358888 -0.354175
Input-Hidden 0.249058 -0.0950223 -0.347005 0.332796 0.296833
Input-Hidden 0.0967843 -0.268974 0.469719 0.389928 -0.491106
Input-Hidden -0.317336 0.103038 0.229482 0.0582943 -0.0600091
Input-Hidden 0.0338788 0.287238 0.195867 0.228326 -0.197514
Input-Hidden -0.0075709 0.376743 -0.0638284 -0.265524 0.225506
Input-Hidden 0.00482098 -0.478532 0.338276 -0.499006 0.225461
Input-Hidden 0.386538 -0.287537 0.34441 0.292364 -0.61172
Input-Hidden -0.183394 0.270505 0.341649 0.165108 -0.514994
Input-Hidden 0.113145 0.012335 -0.37749 0.00183462 -0.516488
Input-Hidden -0.413352 0.371313 -0.0362578 -0.0333217 0.368082
Input-Hidden -0.00520206 -0.406138 -0.117768 -0.494458 -0.597165
Input-Hidden -0.485565 0.302166 -0.464908 -0.054054 0.191821
Input-Hidden 0.444839 0.209432 0.469687 0.281796 -0.402685
Input-Hidden -0.00395384 0.0014723 0.256641 0.361204 -0.328145
Input-Hidden 0.0896526 -0.268888 -0.0396489 0.426799 0.106626
Input-Hidden 0.33337 0.217119 0.101898 -0.0872922 -0.454756
Input-Hidden -0.315114 0.298504 0.465075 0.353384 -0.363005
Input-Hidden -0.469032 -0.399928 -0.334042 0.0529582 -0.289181
Input-Hidden 0.407014 0.233051 -0.0660804 -0.377167 0.338112
Input-Hidden -0.374408 0.249618 0.178388 0.40086 -0.0835567
Input-Hidden 0.210846 -0.418751 0.107187 -0.157988 -0.0330313
Input-Hidden 0.119469 0.367406 0.380941 0.0985813 -0.307538
Input-Hidden -0.181075 0.369578 -0.322817 -0.192384 -0.518158
Input-Hidden 0.134879 -0.44918 -0.391151 -0.38838 -0.0312688
Input-Hidden -0.291585 0.195095 -0.307311 0.44477 0.168925
Input-Hidden 0.386546 -0.534105 0.0855312 -0.294449 -0.217171
Input-Hidden 0.199381 0.282782 0.234719 0.00243044 -0.55366
Input-Hidden -0.414746 0.251363 -0.321547 0.0342135 -0.589877
Input-Hidden -0.23793 -0.151197 0.41495 -0.20435 0.082409
Input-Hidden -0.0844242 0.171533 0.383225 -0.442261 0.0623493
Input-Hidden -0.260342 -0.145145 -0.213493 -0.215503 -0.179497
Input-Hidden 0.330863 -0.096501 0.0799482 0.399024 -0.414591
Input-Hidden -0.234801 -0.197653 -0.478949 0.183208 -0.579211
Input-Hidden -0.316881 0.264736 -0.454096 0.143728 -0.472458
Input-Hidden 0.36451 -0.0496748 -0.463425 -0.270173 -0.196021
Input-Hidden 0.140484 0.143278 -0.146016 0.154643 -0.277645
Input-Hidden 0.419889 -0.132511 0.287481 -0.348887 -0.127102
Input-Hidden 0.444184 0.110391 -0.205618 -0.380012 -0.211817
Input-Hidden -0.372921 -0.352814 -0.497673 0.111194 -0.0891216
Input-Hidden -0.198298 0.211674 -0.0244418 -0.47548 0.160033
Input-Hidden 0.190159 0.0707104 0.147002 -0.19616 -0.507003
Input-Hidden 0.0502108 -0.226469 -0.31765 0.255415 -0.197766
Input-Hidden 0.532985 -0.167601 -0.207383 0.313704 -0.554583
Input-Hidden 0.506876 0.417242 0.27746 0.326696 0.0754779
Input-Hidden 0.527439 -0.154596 -0.29126 -0.196203 0.15228
Input-Hidden -0.115775 -0.00996472 -0.180103 -0.164415 -0.134972
Input-Hidden 0.255645 0.320654 0.342281 -0.316724 -0.395477
Input-Hidden 0.169486 -0.115937 0.231718 0.256764 -0.539881
Input-Hidden 0.106719 -0.233473 -0.0149637 -0.114249 -0.10135
Input-Hidden 0.566213 0.0608037 -0.460714 0.316824 -0.522371
Input-Hidden -0.257919 0.229261 -0.337358 0.33308 0.166988
Input-Hidden 0.264961 -0.274658 0.450199 0.00759387 0.202383
Input-Hidden 0.202857 0.389145 -0.401844 -0.124111 -0.304957
Input-Hidden -0.0543069 -0.0715701 -0.281748 0.0643146 0.326209
Input-Hidden -0.016515 -0.0520371 -0.325874 -0.0703502 -0.302681
Input-Hidden 0.280649 0.234618 0.292353 0.0535069 -0.228066
Input-Hidden 0.527615 -0.0335357 0.17472 0.0429583 -0.164749
Input-Hidden -0.181703 0.132996 0.327903 -0.258012 0.218537
Input-Hidden -0.355904 -0.171208 0.092656 -0.437139 -0.409272
Input-Hidden 0.49619 0.104072 -0.435058 0.183017 -0.595774
Input-Hidden -0.110339 -0.471788 -0.138719 -0.260787 0.207265
Input-Hidden 0.513512 -0.237092 -0.0671375 0.426393 -0.0893099
Input-Hidden 0.224584 0.407885 0.415563 -0.100451 -0.00382528
Input-Hidden 0.386156 -0.0310039 -0.358087 -0.168973 0.109209
Input-Hidden -0.226782 0.179907 0.101293 0.231295 0.0476379
Input-Hidden -0.270595 -0.100093 -0.206084 -0.00353979 -0.474421
Input-Hidden -0.391606 0.257263 0.0739476 -0.130485 -0.175998
Input-Hidden 0.065459 -0.299612 -0.0848949 0.212445 0.163191
Input-Hidden 0.503113 -0.0902632 -0.501933 0.100863 -0.398645
Input-Hidden 0.378942 -0.497852 -0.311795 0.211426 -0.231625
Input-Hidden 0.29198 0.0382931 -0.24122 -0.155122 0.195676
Input-Hidden -0.0148665 -0.265494 0.0596641 0.309195 0.283136
Input-Hidden -0.301311 0.181079 0.111161 -0.341744 0.133876
Input-Hidden -0.254838 0.146538 0.168221 -0.355374 -0.21128
Input-Hidden 0.110882 0.0160899 0.429914 -0.348006 -0.210632
Input-Hidden -0.150429 0.314343 -0.10929 -0.238138 -0.305405
Input-Hidden -0.0177567 0.213122 -0.150034 -0.249227 -0.132186
Input-Hidden 0.428808 -0.387067 0.335002 -0.0324647 0.259769
Input-Hidden 0.395235 -0.160923 0.105299 -0.508709 0.0832292
Input-Hidden 0.228661 -0.193933 0.390014 -0.4357 0.185214
Input-Hidden 0.451699 0.286202 0.334577 0.346897 -0.0758993
Input-Hidden -0.164111 -0.356523 -0.162161 -0.502001 -0.129147
Input-Hidden 0.109206 0.188715 -0.145949 -0.0962723 -0.389018
Input-Hidden 0.454828 0.161674 -0.372688 -0.137602 -0.252007
Input-Hidden -0.0342022 0.352612 -0.0135176 0.409754 0.166698
Input-Hidden 0.156539 0.0994508 0.266173 -0.231556 -0.351107
Input-Hidden 0.374443 -0.276656 0.137508 -0.0288237 0.186455
Input-Hidden -0.00163795 0.0113064 0.0775539 -0.429237 0.0716692
Input-Hidden -0.0867993 -0.461064 -0.398235 0.299058 -0.0665803
Input-Hidden 0.185665 0.405964 -0.468288 -0.0924484 0.0540814
Input-Hidden -0.289469 -0.239906 -0.0459743 -0.0684681 -0.269731
Input-Hidden -0.358331 -0.198457 0.28102 0.119936 0.189763
Input-Hidden 0.2612 -0.494086 0.207664 0.26505 -0.269142
Input-Hidden 0.244864 0.107699 0.461557 -0.454353 -0.576461
Input-Hidden 0.0275158 -0.0204937 -0.10182 0.305209 -0.328006
Input-Hidden 0.444456 -0.30691 0.162239 0.0760361 0.0532924
Input-Hidden -0.398045 0.171166 -0.483494 0.310712 -0.190515
Input-Hidden 0.192165 0.0797402 0.210562 0.157323 -0.0674822
Input-Hidden -0.379667 -0.419425 -0.486265 -0.29656 -0.444868
Input-Hidden 0.0992471 0.262906 -0.0607103 0.0174098 -0.490928
Input-Hidden 0.00674751 0.319005 -0.326269 0.00143507 -0.105543
Input-Hidden -0.41378 -0.145472 -0.326222 -0.480253 -0.381794
Input-Hidden 0.361566 -0.474295 0.158782 -0.445379 0.308677
Input-Hidden 0.538178 -0.270096 0.062464 0.350975 -0.341677
Input-Hidden -0.421214 0.0290532 -0.332146 0.384134 0.339698
Input-Hidden 0.483221 -0.509323 -0.457103 0.0370862 -0.163168
Input-Hidden 0.280447 -0.145595 -0.201264 -0.225425 0.0596152
Input-Hidden 0.284037 0.15372 0.0941385 0.353012 0.239937
Input-Hidden 0.338439 0.227978 0.156161 -0.353383 -0.312545
Input-Hidden -0.202733 -0.190416 0.211649 -0.132083 0.171075
Input-Hidden -0.188545 -0.173371 -0.221344 -0.383904 -0.0975451
Input-Hidden -0.284253 -0.07549 -0.139352 0.306576 -0.192016
Input-Hidden 0.413464 -0.575947 -0.0727667 -0.211157 0.104129
Input-Hidden 0.306903 0.191579 0.0425874 0.450353 -0.322922
Input-Hidden -0.36571 0.298244 0.087412 -0.110514 0.3252
Input-Hidden -0.403058 -0.124699 -0.152402 -0.16806 -0.62901
Input-Hidden -0.185295 -0.0409299 -0.0837106 -0.17924 -0.267344
Input-Hidden -0.318231 -0.218164 0.388582 0.37257 -0.543243
Input-Hidden -0.0465464 0.309895 0.252437 -0.41963 -0.59831
Input-Hidden -0.341659 0.131646 0.269656 -0.48084 0.300934
Input-Hidden 0.427135 -0.389272 -0.111223 -0.27222 0.308498
Input-Hidden -0.44575 0.296565 -0.226994 0.23656 -0.345711
Input-Hidden 0.156989 0.0232492 0.213472 0.193905 0.0606911
Input-Hidden 0.178608 0.115126 -0.369455 -0.286611 -0.559855
Input-Hidden 0.274538 -0.00471486 -0.27968 -0.182673 -0.375936
Input-Hidden -0.0817908 0.29438 -0.438832 0.359339 -0.41632
Input-Hidden -0.0360399 -0.467024 0.376956 -0.205875 -0.263188
Input-Hidden 0.340328 -0.104027 0.234667 -0.400153 0.319368
Input-Hidden 0.010081 -0.111767 0.446141 -0.352065 -0.601648
Input-Hidden -0.353938 0.234142 -0.274843 0.101603 -0.133361
Input-Hidden 0.183591 -0.141366 0.309867 0.0681984 -0.262741
Input-Hidden 0.523727 0.298664 -0.382609 -0.319532 -0.241466
Input-Hidden -0.430249 0.43363 -0.0429977 0.175557 -0.378991
Input-Hidden -0.181733 -0.0592806 -0.184659 -0.418481 0.352543
Input-Hidden -0.41413 -0.184925 0.0518546 0.453037 -0.27392
Input-Hidden -0.0671774 -0.0444885 0.124229 0.478694 -0.0669211
Input-Hidden -0.146901 -0.46935 -0.509164 0.176577 -0.308697
Input-Hidden -0.372359 -0.0892634 -0.165555 -0.420962 -0.290665
Input-Hidden 0.0620716 -0.463818 -0.31531 -0.450806 -0.399507
Input-Hidden 0.408269 0.396043 -0.238625 -0.263147 -0.166754
Input-Hidden -0.281984 -0.35965 -0.103099 -0.0985318 0.332054
Input-Hidden 0.182699 0.0991768 0.232639 0.360673 -0.0948475
Input-Hidden -0.32912 -0.168243 0.131603 -0.0933464 0.3578
Input-Hidden 0.0388197 0.0434906 -0.450518 -0.0682194 -0.0654995
Input-Hidden -0.326875 0.0126872 -0.302849 -0.361826 0.0979344
Input-Hidden 0.25029 -0.243788 -0.47122 0.266305 -0.411065
Input-Hidden -0.25691 0.245964 -0.282106 0.467381 -0.00633472
Input-Hidden -0.220259 -0.400523 0.396683 0.29575 0.0803145
Input-Hidden -0.32741 -0.530453 0.0405519 0.365967 -0.305665
Input-Hidden 0.315812 -0.485463 -0.137323 -0.198334 0.193854
Input-Hidden 0.478714 0.379168 -0.481698 -0.439572 0.210689
Input-Hidden -0.0343171 -0.288654 -0.161422 0.235352 -0.380777
Input-Hidden -0.203606 0.158367 -0.510379 0.241143 -0.520207
Input-Hidden -0.342764 -0.0780843 0.0348562 0.0540125 0.285082
Input-Hidden 0.304127 -0.0462682 0.0520737 0.0740281 -0.402691
Input-Hidden 0.150555 0.163876 -0.440349 0.362692 0.209301
Input-Hidden -0.028257 0.0412886 -0.30312 -0.214205 -0.028623
Input-Hidden 0.324134 0.109349 0.246313 0.144849 -0.107268
Input-Hidden -0.18522 -0.0144718 0.307511 0.346754 -0.385167
Input-Hidden 0.27931 0.233203 0.121249 -0.091484 -0.30275
Input-Hidden -0.0691129 -0.313722 0.104402 -0.0957193 0.0993349
Input-Hidden 0.387884 -0.206144 0.182805 -0.4227 0.222825
Input-Hidden -0.402317 0.383137 -0.261979 -0.506023 0.273387
Input-Hidden 0.484246 -0.419201 -0.163435 -0.132331 0.253478
Input-Hidden -0.322858 0.201244 -0.471403 0.324059 -0.0531966
Input-Hidden 0.135928 -0.04033 -0.406327 0.226755 -0.0081981
Input-Hidden -0.0676012 0.407037 0.0633362 -0.0678819 -0.233839
Input-Hidden 0.147895 -0.203537 0.0358299 -0.427743 -0.0997597
Input-Hidden 0.0396995 -0.419924 -0.207306 -0.333734 -0.336994
Input-Hidden 0.231646 0.467631 -0.030352 -0.255264 0.349824
Input-Hidden 0.0314427 -0.420538 -0.360687 -0.441051 0.203712
Input-Hidden -0.291766 -0.231044 -0.090211 0.0697857 0.428439
Input-Hidden 0.139674 -0.300712 0.36555 -0.165628 0.292879
Input-Hidden 0.0478943 0.457256 -0.396878 0.110477 0.115646
Input-Hidden 0.329238 0.197777 0.23471 0.436675 -0.248966
Input-Hidden 0.148326 -0.30352 0.0401664 -0.0209689 0.400944
Input-Hidden 0.473174 -0.107001 0.110075 -0.263034 -0.0934692
Input-Hidden -0.11674 0.209259 -0.422498 0.350384 -0.00652169
Input-Hidden -0.395072 0.00600682 -0.132171 0.460508 0.344797
Input-Hidden 0.181204 0.203296 -0.289426 0.171091 0.31744
Input-Hidden 0.408964 -0.30783 0.0474313 0.21342 -0.172161
Input-Hidden 0.231618 0.267896 -0.142966 -0.246094 -0.000613611
Input-Hidden 0.0462479 0.311224 -0.312065 -0.146194 -0.172555
Input-Hidden 0.0611289 -0.380208 0.391088 0.121175 -0.0216158
Input-Hidden 0.135694 0.247946 0.369245 0.1392 -0.287308
Input-Hidden -0.0746552 0.356181 0.190287 -0.0768747 0.35202
Input-Hidden 0.0749556 0.269347 0.40508 -0.0586027 0.328949
Input-Hidden -0.407915 0.289055 0.168794 -0.0155511 -0.200208
Input-Hidden 0.246717 0.278563 0.450053 0.426568 0.110125
Input-Hidden 0.486152 -0.189019 -0.0998949 -0.0951128 0.380828
Input-Hidden 0.311804 0.244412 0.373067 0.0776708 0.1489
Input-Hidden -0.157196 0.195341 -0.27445 -0.490231 -0.103304
Input-Hidden -0.366631 0.0901863 0.219711 0.0925807 0.0148477
Input-Hidden 0.293653 0.321615 0.316943 -0.380228 0.0198238
Input-Hidden -0.258537 -0.100691 -0.203904 0.131872 -0.488678
Input-Hidden 0.0394792 0.211647 -0.402375 -0.259307 -0.548388
Input-Hidden 0.444455 0.368353 -0.39764 0.0740102 0.127248
Input-Hidden -0.343792 -0.258607 -0.101232 0.0521803 -0.152097
Input-Hidden 0.33499 -0.258136 0.0967385 -0.495174 -0.101147
Input-Hidden 0.465321 -0.416136 0.240948 -0.472109 -0.158018
Input-Hidden -0.197528 0.417561 0.323686 -0.148706 0.313164
Input-Hidden 0.0496904 0.276649 -0.204033 0.225835 -0.273971
Input-Hidden 0.288608 -0.0524632 0.0233164 -0.0211114 0.315363
Input-Hidden -0.37357 0.273273 -0.262283 0.0288655 -0.00911896
Input-Hidden 0.382592 0.340668 -0.0731288 -0.345522 -0.0441675
Input-Hidden -0.0365413 0.408009 -0.0646092 -0.476164 -0.558709
Input-Hidden 0.119564 0.190351 0.44483 0.368517 -0.448903
Input-Hidden 0.371452 0.180672 -0.428218 -0.0451536 -0.276443
Input-Hidden 0.172537 0.148578 0.17196 0.316559 -0.202206
Input-Hidden -0.0373225 -0.425329 0.386634 0.359286 -0.196234
Input-Hidden -0.153724 -0.0170928 0.471063 0.376361 -0.0514633
Input-Hidden -0.121334 -0.145625 0.400616 -0.0934848 -0.0256836
Input-Hidden -0.353514 0.0925833 -0.325077 0.440336 0.0909661
Input-Hidden -0.335465 -0.41994 -0.0224115 -0.272545 -0.498668
Input-Hidden -0.488658 -0.445358 -0.179941 -0.423619 0.178527
Input-Hidden -0.473006 0.47386 0.211226 -0.423932 0.358973
Input-Hidden -0.242459 0.10702 0.0445294 0.15434 -0.0226394
Input-Hidden 0.311575 -0.205694 0.0472383 -0.278453 -0.557106
Input-Hidden -0.309202 0.21688 0.0257702 -0.170361 -0.62947
Input-Hidden 0.291951 0.181931 -0.27211 0.0355601 0.150342
Input-Hidden -0.229019 -0.0408276 0.348976 -0.075534 -0.282168
Input-Hidden -0.478675 0.243483 0.355178 0.467006 -0.259178
Input-Hidden 0.373488 0.00998012 -0.42926 0.246559 -0.523603
Input-Hidden 0.0819634 -0.0450234 -0.404768 -0.0444634 0.165046
Input-Hidden -0.329528 -0.272184 0.0515769 -0.330588 -0.0861596
Input-Hidden 0.018681 0.276946 -0.236359 -0.464307 -0.431151
Input-Hidden 0.00421207 -0.477299 0.296755 -0.18559 -0.628438
Input-Hidden 0.214703 -0.497153 0.0817388 0.023658 -0.500936
Input-Hidden -0.0985673 0.251698 0.397437 -0.031103 -0.319538
Input-Hidden -0.241443 -0.437085 0.00517941 0.439528 -0.168913
Input-Hidden -0.232286 0.186119 0.334778 -0.116334 0.251468
Input-Hidden -0.333712 0.340975 -0.160973 0.300847 0.263641
Input-Hidden 0.0826417 0.37292 0.345537 0.175398 -0.386337
Input-Hidden 0.399501 -0.43186 0.0453395 0.0664322 -0.033384
Input-Hidden 0.482539 0.0269533 -0.0503239 -0.296088 -0.390215
Input-Hidden 0.489458 0.233752 -0.424315 -0.140493 0.140258
Input-Hidden -0.0540545 0.261635 -0.0554067 -0.468018 0.253565
Input-Hidden -0.369223 0.0837036 0.247949 -0.174533 -0.215469
Input-Hidden 0.347014 0.0757227 0.391002 0.0857403 0.0622903
Input-Hidden 0.389557 -0.332911 0.0372676 0.46567 -0.472279
Input-Hidden 0.435883 0.0466869 0.414305 0.0457598 0.188817
Input-Hidden -0.182263 -0.0530803 0.0446977 0.276185 -0.525059
Input-Hidden -0.469368 0.0772366 0.212373 0.395929 -0.22904
Input-Hidden -0.325949 0.139591 0.216245 -0.49195 -0.60613
Input-Hidden -0.283199 -0.122563 -0.337919 0.046602 -0.197171
Input-Hidden -0.0503056 -0.411854 0.196424 0.0140002 0.232581
Input-Hidden -0.136162 0.42366 0.223383 0.00766982 -0.318738
Input-Hidden 0.237709 -0.256544 0.220904 0.090972 -0.429296
Input-Hidden 0.275845 0.156473 -0.446265 0.433915 0.148228
Input-Hidden -0.434252 0.405079 0.304001 -0.374854 -0.540322
Input-Hidden 0.152499 0.312024 0.435845 0.466312 0.00604101
Input-Hidden 0.0350051 -0.225581 -0.335502 -0.472648 -0.435998
Input-Hidden -0.0530565 0.0783994 -0.229459 0.369359 -0.123631
Input-Hidden -0.240605 -0.28191 -0.187069 0.433021 -0.253864
Input-Hidden -0.17931 -0.0313327 0.181164 0.331828 -0.0274378
Input-Hidden 0.354516 -0.4318 -0.0265425 -0.134249 -0.641362
Input-Hidden -0.18829 0.444449 0.403678 -0.483669 -0.35012
Input-Hidden -0.298295 0.296711 0.0773747 -0.0526365 -0.540418
Input-Hidden 0.209226 -0.103475 -0.168125 0.0469909 -0.246923
Input-Hidden -0.174757 0.143618 -0.367398 -0.0159341 0.0445043
Input-Hidden -0.223568 -0.139577 0.207095 0.445331 -0.201962
Input-Hidden -0.182097 0.355891 -0.375298 -0.435961 -0.0134694
Input-Hidden 0.215888 0.0133554 0.250644 -0.0831246 -0.268402
Input-Hidden -0.146052 -0.0700123 -0.399458 -0.12335 -0.398777
Input-Hidden 0.19988 -0.103278 -0.331439 0.481003 -0.663944
Input-Hidden 0.325729 0.484799 0.379071 -0.443962 -0.412157
Input-Hidden -0.270793 -0.39353 0.34628 0.272341 -0.232618
Input-Hidden 0.480537 0.229298 -0.0701702 0.334774 -0.0574362
Input-Hidden 0.208743 -0.298802 -0.185278 -0.499372 -0.68614
Input-Hidden -0.0429261 0.0490979 -0.0481189 -0.0121659 -0.64682
Input-Hidden 0.393452 -0.0509952 -0.0215989 0.0992954 -0.0206407
Input-Hidden 0.282598 0.0785408 -0.0264655 0.112578 0.160895
Input-Hidden 0.157218 0.0317575 -0.107853 0.00560936 0.0818499
Input-Hidden -0.482069 0.424201 -0.437877 0.335575 -0.433808
Input-Hidden 0.345202 -0.421847 -0.422587 0.314871 -0.505737
Input-Hidden 0.492516 -0.236331 0.0584221 0.456824 0.160554
Input-Hidden -0.251611 -0.132335 -0.211873 -0.0807227 -0.55506
Input-Hidden -0.309802 -0.131327 -0.0863744 -0.351246 0.33735
Input-Hidden 0.115608 0.150689 -0.488063 -0.430098 -0.51166
Input-Hidden 0.533608 -0.317476 0.00905331 0.142722 -0.34874
Input-Hidden -0.427826 -0.0192017 0.458194 -0.506637 0.0364615
Input-Hidden 0.0149794 0.388809 -0.456583 0.0316463 -0.607953
Input-Hidden -0.155769 -0.436542 -0.0840294 0.178437 -0.515477
Input-Hidden 0.519557 0.301303 -0.471233 -0.0259829 -0.176413
Input-Hidden -0.0218805 0.262864 0.132523 -0.229261 -0.0567458
Input-Hidden -0.360464 0.127796 -0.096157 0.168811 -0.654137
Input-Hidden -0.417157 -0.352877 -0.26086 -0.125834 -0.14243
Input-Hidden 0.525003 -0.193903 -0.279698 -0.164966 -0.185172
Input-Hidden 0.200994 0.186231 -0.39853 -0.122871 -0.301924
Input-Hidden 0.33827 -0.106416 -0.290685 -0.277761 0.286132
Input-Hidden -0.0925211 -0.16781 -0.232374 -0.0503971 -0.556108
Input-Hidden -0.309901 -0.00217354 -0.274791 0.39533 -0.0566559
Input-Hidden -0.362278 -0.227413 0.30014 -0.150847 -0.402488
Input-Hidden -0.394949 0.339586 -0.169504 0.355991 -0.371476
Input-Hidden -0.215957 0.295012 -0.422766 -0.408581 -0.550536
Input-Hidden -0.323517 -0.133359 -0.0775894 0.227719 0.0557146
Input-Hidden -0.29066 -0.403004 -0.376767 -0.0162581 0.233473
Input-Hidden 0.504789 0.265485 0.356155 0.27472 0.246085
Input-Hidden -0.220783 -0.181294 -0.119421 -0.17188 -0.277282
Input-Hidden -0.199601 0.0824076 0.438863 -0.284944 -0.150842
Input-Hidden 0.257246 -0.413325 -0.0231442 -0.498556 -0.335463
Input-Hidden -0.0139217 0.443893 -0.121763 -0.212724 0.185031
Input-Hidden -0.245319 -0.232297 0.410845 0.0804288 -0.355292
Input-Hidden -0.274835 -0.037022 -0.397768 -0.473873 0.129631
Input-Hidden -0.294904 -0.470641 0.212917 -0.359905 -0.523623
Input-Hidden -0.172223 0.0497781 -0.155862 0.0577246 -0.0478054
Input-Hidden 0.489145 0.0887648 -0.182256 -0.387294 0.25837
Input-Hidden -0.0202707 -0.158979 0.00873419 -0.150857 -0.282041
Input-Hidden -0.327149 -0.490751 -0.10788 -0.131598 0.168729
Input-Hidden -0.43044 -0.438682 -0.0604859 -0.519989 -0.516978
Input-Hidden 0.372623 -0.225913 -0.417039 -0.145655 0.0714014
Input-Hidden 0.216727 0.218595 -0.173019 0.267602 0.214857
Input-Hidden -0.125291 0.225446 -0.126391 0.313078 0.0252887
Input-Hidden -0.299878 -0.0370279 0.301262 -0.297073 0.230658
Input-Hidden -0.28598 0.354084 -0.439826 -0.0113816 -0.105526
Input-Hidden 0.371143 0.202252 0.0766134 0.43304 -0.137519
Input-Hidden -0.0376466 -0.330584 -0.108793 0.0189044 0.301736
Input-Hidden -0.175758 -0.16648 -0.340159 -0.152555 -0.625976
Input-Hidden 0.575011 -0.480378 0.0950511 -0.33382 0.332264
Input-Hidden -0.213829 0.230249 0.376725 -0.448565 -0.206401
Input-Hidden 0.147848 0.119885 -0.499538 0.440496 0.179128
Input-Hidden 0.318999 -0.204742 0.0257745 0.0362294 -0.276494
Input-Hidden -0.107529 -0.151433 0.261704 0.361129 0.308779
Input-Hidden 0.417731 0.311541 0.0217341 -0.407249 -0.458053
Input-Hidden -0.260534 0.375885 0.0475793 0.460013 -0.426556
Input-Hidden -0.292612 -0.396369 0.158464 -0.422484 -0.182219
Input-Hidden 0.382011 0.236366 0.363932 0.101364 0.198213
Input-Hidden -0.0728078 -0.337857 -0.10486 0.42384 -0.312603
Input-Hidden 0.313459 0.337448 0.0855687 0.369331 0.273576
Input-Hidden 0.217204 0.195363 0.438668 0.0877028 -0.637708
Input-Hidden -0.244903 0.327311 0.0417528 0.249437 -0.0387285
Input-Hidden 0.337388 0.0229876 -0.0580878 -0.14886 -0.473892
Input-Hidden -0.101798 -0.443092 -0.105958 0.396044 -0.184035
Input-Hidden -0.137668 -0.0433758 0.26788 -0.219868 -0.269723
Input-Hidden -0.255268 -0.468668 0.161984 -0.144755 -0.311352
Input-Hidden 0.394853 -0.0291079 -0.224432 0.388912 -0.471651
Input-Hidden 0.437395 0.357056 -0.511652 -0.163513 -0.20638
Input-Hidden 0.0144303 0.0422812 -0.293677 0.262197 0.198628
Input-Hidden -0.344971 -0.273305 -0.0201787 0.416396 -0.38807
Input-Hidden -0.252265 -0.254129 0.286025 0.247193 0.241967
Input-Hidden 0.109309 0.023816 -0.191947 -0.39192 -0.126916
Input-Hidden 0.350005 0.411094 -0.519787 0.151127 0.128049
Input-Hidden 0.507346 0.474447 -0.394227 -0.392276 0.372654
Input-Hidden 0.281628 0.264074 -0.422196 0.000554084 -0.209261
Input-Hidden 0.489552 -0.103997 0.423979 0.215334 0.222463
Input-Hidden 0.102886 -0.450193 -0.00464611 -0.375618 0.282839
Input-Hidden 0.148359 -0.449799 0.240208 -0.428466 -0.419488
Input-Hidden -0.166911 0.450009 0.194775 -0.488359 0.328802
Input-Hidden 0.395626 0.45125 -0.467156 -0.0632029 -0.0621891
Input-Hidden -0.116147 -0.0682691 -0.471525 0.417476 0.267351
Input-Hidden -0.411092 0.112205 0.363483 -0.393324 -0.19261
Input-Hidden -0.286146 0.273129 0.129979 -0.328909 -0.591034
Input-Hidden 0.294303 -0.473601 -0.492458 0.280205 0.216974
Input-Hidden -0.0952044 -0.367639 0.307692 0.328208 -0.240192
Input-Hidden -0.288927 -0.30405 0.248567 -0.302183 0.135725
Input-Hidden -0.447328 -0.370178 0.320548 0.394106 -0.496044
Input-Hidden 0.0985368 -0.324202 -0.19976 0.410818 -0.495982
Input-Hidden 0.0822311 -0.413299 -0.483378 -0.270695 0.329484
Input-Hidden 0.078883 -0.167373 -0.079933 -0.245962 0.331531
Input-Hidden -0.00812675 0.473259 0.238943 -0.475092 -0.363601
Input-Hidden 0.144357 0.0768116 0.4542 -0.331383 -0.282581
Input-Hidden 0.423349 -0.386483 0.000899726 0.122668 -0.0890634
Input-Hidden 0.428515 0.130213 0.0753711 0.00387525 0.362084
Input-Hidden 0.16174 0.428132 0.371298 0.0642265 0.125253
Input-Hidden -0.148814 -0.148399 0.0618343 -0.0631887 -0.227991
Input-Hidden -0.0800847 -0.177894 -0.250413 0.27516 0.265834
Input-Hidden -0.153095 0.101772 -0.0207336 0.38984 -0.553893
Input-Hidden -0.212142 0.247148 0.00673457 0.379525 -0.398867
Input-Hidden 0.198644 0.375295 0.383009 -0.130796 -0.421019
Input-Hidden 0.148122 -0.431578 -0.121994 0.00716521 0.411469
Input-Hidden 0.12239 -0.039262 -0.103079 -0.503623 -0.466566
Input-Hidden 0.425346 0.0208823 0.275327 -0.270076 -0.250825
Input-Hidden -0.329596 0.114877 0.419084 -0.277679 -0.0940269
Input-Hidden 0.10838 -0.376442 0.163614 0.0389314 0.186926
Input-Hidden -0.161497 0.0516229 0.019874 -0.292542 -0.143096
Input-Hidden 0.488564 0.247046 -0.201772 -0.0769654 -0.266366
Input-Hidden 0.336776 -0.107812 0.276027 -0.0365502 -0.496897
Input-Hidden -0.276094 0.291388 -0.0709751 0.0675684 -0.112394
Input-Hidden 0.295987 0.252832 -0.423381 0.231663 -0.300674
Input-Hidden -0.417809 -0.0733197 -0.0805654 0.295883 -0.0512484
Input-Hidden 0.132987 -0.0480557 -0.445168 0.225271 -0.243095
Input-Hidden -0.0319164 -0.295736 0.336949 -0.416198 -0.00936145
Input-Hidden -0.181784 -0.487316 -0.0624003 -0.255114 0.273311
Input-Hidden 0.398691 -0.0165668 -0.171825 -0.0743897 -0.250477
Input-Hidden -0.392433 -0.172661 -0.466318 -0.115794 -0.532697
Input-Hidden -0.0631498 0.077229 -0.288195 0.321758 0.35901
Input-Hidden 0.439663 0.469226 0.427 0.0817293 -0.162691
Input-Hidden -0.261893 -0.416789 -0.431774 0.1746 -0.199249
Input-Hidden -0.226719 0.166717 -0.0620496 -0.226219 0.289836
Input-Hidden -0.0607911 0.129342 0.21052 0.0865376 0.344596
Input-Hidden 0.185782 -0.182124 -0.176537 0.0122462 -0.462226
Input-Hidden -0.289089 0.187287 0.340135 -0.377218 -0.18827
Input-Hidden -0.364483 -0.150578 -0.341836 0.352745 0.335836
Input-Hidden -0.158492 -0.244398 0.310046 -0.202055 -0.277255
Input-Hidden 0.104195 -0.398975 0.0101505 0.249324 -0.428712
Input-Hidden 0.0501297 0.0144734 -0.12991 0.269509 0.239963
Input-Hidden -0.422341 0.358245 0.0170886 -0.191763 -0.197963
Input-Hidden -0.304163 -0.262532 0.381324 0.407482 -0.142009
Input-Hidden -0.373865 0.119521 -0.0934423 -0.155569 -0.2693
Input-Hidden -0.380492 -0.204018 0.475525 0.246613 0.207246
Input-Hidden 0.0775581 -0.442792 0.0851073 0.434464 -0.0896819
Input-Hidden -0.085197 -0.198891 -0.0269104 -0.31601 -0.336331
Input-Hidden -0.312622 -0.356898 0.151443 0.309474 0.0197689
Input-Hidden 0.405124 -0.380131 -0.497621 -0.0210703 -0.466023
Input-Hidden -0.449822 0.264361 -0.368895 -0.238207 0.00473686
Input-Hidden 0.0271329 -0.126742 -0.00701167 0.325195 -0.5931
Input-Hidden 0.388927 0.386295 -0.432496 0.222614 -0.222506
Input-Hidden -0.301771 -0.407628 -0.285176 -0.339232 -0.375552
Input-Hidden 0.34242 0.454877 0.126448 -0.268149 -0.195242
Input-Hidden 0.47601 -0.393601 0.350418 -0.396811 -0.286682
Input-Hidden -0.33022 0.120676 0.00818631 -0.0383985 -0.295035
Input-Hidden -0.231787 0.059901 0.448635 0.450333 0.0945961
Input-Hidden 0.355362 -0.454186 -0.490433 -0.490868 0.279911
Input-Hidden 0.0767117 0.243973 0.332214 -0.1517 -0.584514
Input-Hidden 0.231642 0.0101862 -0.512116 0.28216 -0.539752
Input-Hidden 0.326701 0.299691 -0.039033 0.0464679 -0.0459407
Input-Hidden 0.309791 -0.356835 0.0299461 0.132204 -0.383109
Input-Hidden -0.0452801 -0.151099 0.326874 0.026828 -0.1341
Input-Hidden -0.418431 -0.17346 0.29442 0.281974 -0.557598
Input-Hidden 0.30181 0.280947 -0.112156 -0.138475 0.212444
Input-Hidden 0.322848 0.177672 -0.101689 -0.477085 -0.549233
Input-Hidden 0.45276 -0.157881 -0.0225045 -0.265755 0.0358887
Input-Hidden -0.271994 0.0842903 -0.0447834 -0.486399 0.21174
Input-Hidden 0.201897 -0.402594 0.231309 -0.154851 0.0557467
Input-Hidden 0.41606 -0.0384266 0.151284 0.283336 -0.0660004
Input-Hidden -0.24782 0.00979564 -0.445028 -0.168174 0.120727
Input-Hidden -0.394426 -0.462413 -0.328238 -0.200089 -0.430503
Input-Hidden -0.228335 -0.224325 -0.286681 -0.130693 0.00957278
Input-Hidden 0.287507 -0.351801 0.305907 -0.411814 -0.610632
Input-Hidden -0.117548 -0.0349291 -0.394596 0.0738451 -0.105444
Input-Hidden -0.401619 0.283561 0.270208 -0.483164 0.0420743
Input-Hidden 0.0179643 0.471236 0.0092764 -0.240166 -0.475454
Input-Hidden 0.425732 0.101488 0.306721 -0.377271 -0.163276
Input-Hidden -0.349449 -0.010323 -0.456954 -0.0777532 -0.615899
Input-Hidden -0.380037 0.0876518 0.145096 -0.0508724 0.0331967
Input-Hidden 0.00245676 -0.268119 -0.32989 0.155158 -0.499573
Input-Hidden -0.245229 -0.39562 0.391313 0.142248 0.323187
Input-Hidden 0.39742 0.501911 0.411618 -0.0184969 0.206357
Input-Hidden 0.359045 0.214767 0.26265 0.346358 -0.27042
Input-Hidden 0.282249 0.39462 0.197272 -0.15414 -0.0985034
Input-Hidden -0.19456 -0.071393 0.205948 0.0814732 -0.303197
Input-Hidden -0.0632264 -0.141041 0.385428 0.0600413 -0.541795
Input-Hidden 0.317038 0.14557 -0.267621 0.37924 -0.109693
Input-Hidden -0.388563 0.465624 0.149055 0.161469 -0.465988
Input-Hidden 0.1798 0.0758544 -0.0229633 0.323376 0.146783
Input-Hidden 0.406558 0.0943075 0.186469 -0.495377 -0.128705
Input-Hidden -0.178853 -0.311474 -0.0103574 -0.383427 -0.495091
Input-Hidden 0.303335 -0.0966652 -0.300213 -0.184095 -0.170128
Input-Hidden -0.108864 -0.29041 -0.017011 0.32833 -0.0463572
Input-Hidden 0.0694254 -0.265383 0.143516 -0.271426 -0.328214
Input-Hidden 0.232923 -0.261899 0.141962 -0.272748 0.0377402
Input-Hidden -0.504895 0.0919323 -0.445761 -0.112234 -0.332713
Input-Hidden 0.160097 -0.337647 0.139178 -0.458769 -0.320949
Input-Hidden 0.0223569 -0.258932 -0.053361 -0.473874 0.23924
Input-Hidden -0.123711 0.341887 0.473542 0.0473329 0.423915
Input-Hidden 0.0535969 0.195313 -0.387456 0.348839 0.216283
Input-Hidden 0.411209 -0.154854 -0.0673624 -0.271836 -0.129089
Input-Hidden 0.0705069 -0.215692 -0.171062 0.187356 0.359403
Input-Hidden 0.260274 0.195998 -0.354496 0.0998164 0.2367
Input-Hidden 0.0266477 -0.0297077 0.33148 -0.207178 -0.167259
Input-Hidden 0.00525958 -0.0536672 -0.476845 -0.280084 -0.486178
Input-Hidden 0.209458 0.341244 0.281737 -0.0728198 -0.156074
Input-Hidden 0.303402 0.154005 -0.351117 -0.164063 0.176966
Input-Hidden -0.435923 -0.150139 0.0908961 -0.310459 0.421426
Input-Hidden -0.0969088 0.338386 0.309281 -0.0683044 0.133818
Input-Hidden 0.365409 0.408613 0.0176816 -0.340809 0.0333756
Input-Hidden -0.134361 -0.0297746 0.0366257 0.146133 -0.487588
Input-Hidden -0.398998 -0.240193 -0.378545 -0.0607341 -0.399404
Input-Hidden 0.267269 -0.206302 -0.326643 0.175083 -0.0218029
Input-Hidden -0.229744 0.25356 0.255492 -0.250894 -0.305396
Input-Hidden -0.0186351 0.208076 0.398417 0.456092 -0.086438
Input-Hidden 0.0934157 -0.438559 -0.239149 0.166705 -0.399597
Input-Hidden 0.371877 -0.222739 0.260102 -0.0197095 0.387338
Input-Hidden -0.525454 0.425829 0.0756718 -0.433065 0.0013296
Input-Hidden -0.10453 -0.242542 -0.262896 -0.218528 -0.320296
Input-Hidden 0.322808 0.0442136 -0.478845 0.115881 0.329379
Input-Hidden -0.338404 0.0557325 -0.462628 0.0708531 0.370061
Input-Hidden -0.497736 0.230121 -0.0531331 -0.404588 -0.517295
Input-Hidden -0.214661 0.508395 -0.331078 0.251294 -0.0166823
Input-Hidden -0.361108 0.285364 -0.15287 0.034361 0.280749
Input-Hidden 0.216755 -0.102798 -0.0926879 0.142137 -0.257396
Input-Hidden 0.23334 0.452297 0.0479811 -0.0256739 0.217255
Input-Hidden 0.102839 -0.451643 0.00717235 0.473782 0.423898
Input-Hidden -0.301613 0.51702 -0.0200571 0.188508 0.322283
Input-Hidden -0.370791 0.16768 0.142239 -0.406229 -0.405997
Input-Hidden 0.282686 0.374707 -0.34543 0.0857471 0.0372192
Input-Hidden -0.0546367 0.148326 -0.192036 -0.450512 0.425575
Input-Hidden 0.293054 0.302625 -0.158863 0.338444 -0.0780269
Input-Hidden -0.0429649 0.0183333 -0.47756 0.363364 0.254268
Input-Hidden -0.494767 0.456991 0.120709 0.135196 -0.162117
Input-Hidden -0.0289174 0.194143 0.319512 0.27862 0.398879
Input-Hidden 0.337426 0.193857 0.32094 -0.467361 0.444272
Input-Hidden -0.472456 0.140556 0.290873 -0.379841 0.0481534
Input-Hidden -0.18853 0.121194 -0.321671 0.419405 0.26024
Input-Hidden -0.55415 0.1261 -0.055864 0.405636 -0.474039
Input-Hidden 0.271148 0.259699 -0.139102 -0.140577 -0.453151
Input-Hidden -0.548357 -0.244773 -0.137236 0.256407 0.270137
Input-Hidden -0.277416 0.362906 -0.256994 0.0876647 0.174666
Input-Hidden -0.221583 0.413501 -0.225513 0.323076 -0.550169
Input-Hidden 0.31306 0.537169 0.363215 -0.417215 0.41078
Input-Hidden -0.384103 0.342874 0.473752 0.11111 0.485184
Input-Hidden -0.21982 0.480967 -0.246507 0.146178 0.258951
Input-Hidden -0.510167 -0.0987679 -0.449281 0.0636794 -0.0877361
Input-Hidden 0.303986 -0.215649 -0.400789 0.313004 -0.13205
Input-Hidden -0.121297 -0.309158 -0.409432 -0.175401 -0.0301648
Input-Hidden 0.0104521 -0.230654 0.376799 -0.471125 0.223786
Input-Hidden -0.450028 -0.193722 -0.208369 0.107693 0.340086
Input-Hidden -0.144059 0.00257011 0.24296 -0.429316 -0.0334064
Input-Hidden 0.349055 -0.254009 -0.145478 0.124003 0.0124719
Input-Hidden -0.203122 0.321727 0.0822936 -0.0115578 -0.143013
Input-Hidden 0.169576 0.436716 0.0491644 -0.109584 0.119759
Input-Hidden -0.0556829 -0.245431 -0.123608 -0.43768 -0.0312333
Input-Hidden 0.230587 0.382901 -0.153891 -0.267711 -0.219403
Input-Hidden -0.181437 -0.111426 -0.162471 -0.354747 0.266031
Input-Hidden 0.251314 0.153663 -0.267362 0.271759 -0.328556
Input-Hidden -0.109592 -0.457621 -0.241431 0.293738 -0.013288
Input-Hidden -0.352126 -0.0470413 0.433521 0.38135 -0.517821
Input-Hidden -0.102973 -0.121846 0.0452394 -0.170445 0.434821
Input-Hidden 0.10719 0.0523172 -0.326187 0.110658 0.168945
Input-Hidden 0.276819 -0.0260682 -0.0752381 0.0198523 -0.262745
Input-Hidden -0.53773 0.262828 -0.0198992 0.283097 0.15614
Input-Hidden 0.227185 0.520803 0.329077 0.214366 0.118262
Input-Hidden 0.157058 0.529484 -0.173052 0.0946319 -0.134765
Input-Hidden 0.217878 0.243032 0.415526 0.0802018 -0.0165919
Input-Hidden 0.406316 -0.238364 0.263136 -0.440657 0.443231
Input-Hidden -0.299484 0.236464 0.462503 -0.20625 -0.229305
Input-Hidden -0.440618 -0.369809 0.305716 0.00147701 0.050607
Input-Hidden 0.405758 -0.0736724 0.119047 0.126134 -0.349357
Input-Hidden 0.208222 0.0171737 0.281312 -0.0932669 -0.420459
Input-Hidden -0.00867353 0.184901 -0.0271182 -0.289622 -0.419855
Input-Hidden 0.266286 -0.103164 0.0884247 -0.470073 0.00358042
Input-Hidden 0.205182 0.0347198 0.0552966 -0.156837 -0.0858464
Input-Hidden 0.192006 0.282114 -0.175195 0.0853252 -0.376041
Input-Hidden 0.167017 0.0796294 -0.441807 0.478328 0.426277
Input-Hidden 0.100835 -0.223316 -0.433561 -0.164643 -0.132114
Input-Hidden -0.549132 -0.439849 -0.472432 0.0294167 -0.311971
Input-Hidden -0.510604 0.434506 0.0088883 0.377837 0.328124
Input-Hidden 0.092952 0.348211 0.142107 -0.375182 -0.492635
Input-Hidden -0.112731 0.503449 0.447656 -0.0281108 0.452287
Input-Hidden 0.128168 -0.180321 0.138351 0.295212 0.390314
Input-Hidden -0.244504 -0.0352993 -0.40903 -0.304822 -0.289859
Input-Hidden 0.0323456 0.465793 0.479482 0.294801 0.408563
Input-Hidden 0.0942232 0.25823 -0.0567759 0.365256 -0.356764
Input-Hidden 0.309202 0.265034 -0.0777579 0.253137 -0.470436
Input-Hidden 0.317345 0.278909 0.401063 -0.413844 -0.211138
Input-Hidden -0.0359492 -0.166623 0.239591 -0.14339 -0.322055
Input-Hidden 0.342683 -0.300457 -0.0496515 -0.478274 -0.048858
Input-Hidden 0.157677 0.289131 -0.367166 0.234312 -0.155582
Input-Hidden 0.013008 -0.0862215 -0.436843 -0.494823 -0.143569
Input-Hidden -0.265505 -0.15217 0.470884 -0.0391138 0.253409
Input-Hidden -0.318346 0.414642 0.0730131 -0.00650868 0.068513
Input-Hidden -0.193536 0.0650651 -0.481282 -0.351569 0.0537195
Input-Hidden -0.277867 0.441177 -0.115824 -0.0293911 0.336937
Input-Hidden 0.200352 0.400559 0.263637 0.255292 0.0799484
Input-Hidden -0.30927 -0.354901 0.134461 -0.000301114 -0.186969
Input-Hidden 0.0379095 0.181075 -0.464313 -0.00590396 0.255679
Input-Hidden 0.0520758 -0.07904 0.114944 -0.246464 0.290292
Input-Hidden 0.174945 0.0161282 -0.280594 0.0718461 -0.246952
Input-Hidden 0.300415 -0.114747 0.183745 -0.462907 0.293555
Input-Hidden -0.208837 -0.3014 0.324037 0.3982 0.238297
Input-Hidden -0.27312 -0.13806 0.412616 -0.383221 0.119144
Input-Hidden 0.161817 0.191786 -0.128886 0.297026 0.155497
Input-Hidden -0.253576 0.341223 -0.512467 -0.494695 0.208603
Input-Hidden 0.265489 -0.429605 0.0162566 0.0308264 -0.513987
Input-Hidden 0.187757 0.3312 -0.191522 0.159551 -0.458856
Input-Hidden -0.0863271 0.407361 -0.268622 -0.161218 0.106215
Input-Hidden 0.14904 0.162392 -0.395732 -0.381349 -0.283318
Input-Hidden -0.398432 0.0717805 0.0618093 0.0853396 0.119314
Input-Hidden -0.357468 -0.0167122 -0.12883 -0.146397 0.146604
Input-Hidden 0.0691001 -0.39827 0.120551 -0.175894 0.0809057
Input-Hidden 0.205119 0.443547 0.0303033 -0.376693 0.437929
Input-Hidden -0.0149818 0.222025 0.185328 -0.398265 -0.0142598
Input-Hidden 0.104476 0.249231 0.434194 -0.0376355 0.23514
Input-Hidden 0.0563814 0.32307 0.402404 -0.0665779 0.151518
Input-Hidden -0.208713 -0.316433 0.427801 -0.328805 -0.218518
Input-Hidden 0.21857 -0.323797 -0.244568 0.00413637 -0.437912
Input-Hidden 0.124159 0.0148381 -0.3509 -0.390094 0.286617
Input-Hidden -0.492973 0.209082 -0.152586 0.010951 0.411176
Input-Hidden -0.32757 -0.19214 0.0490877 0.245545 0.310285
Input-Hidden 0.432376 0.197198 -0.508898 -0.443708 0.458039
Input-Hidden 0.28202 -0.40287 0.110199 0.461841 0.440027
Input-Hidden -0.164305 0.468014 -0.311893 0.458529 -0.298382
Input-Hidden -0.0188912 -0.412122 0.283574 -0.396351 0.258325
Input-Hidden 0.122358 0.209147 -0.0401656 -0.483185 0.367244
Input-Hidden -0.162151 -0.390702 0.362773 0.325861 0.336351
Input-Hidden 0.00278739 -0.340048 -0.35112 0.371406 -0.364948
Input-Hidden 0.0973644 0.4166 -0.0363645 0.0675344 0.15158
Input-Hidden 0.0568592 0.494991 -0.26617 0.33448 0.273155
Input-Hidden -0.466968 -0.43607 -0.427366 0.293866 -0.281341
Input-Hidden -0.298291 0.423873 -0.072114 0.0542951 0.00459255
Input-Hidden 0.408927 0.0903793 0.307879 0.0945308 0.349463
Input-Hidden -0.387425 0.350662 -0.407773 -0.426082 -0.0263649
Input-Hidden -0.272587 0.309712 -0.361308 -0.500103 -0.142495
Input-Hidden -0.152681 -0.171853 -0.498736 -0.111635 0.062587
Input-Hidden 0.252417 0.0613846 0.264966 -0.391795 0.281243
Input-Hidden 0.379385 -0.248888 -0.280749 -0.0359945 -0.149173
Input-Hidden -0.493561 -0.0898429 -0.483349 0.295075 -0.299691
Input-Hidden 0.103036 0.417104 -0.270461 0.103554 0.0622919
Input-Hidden -0.0911075 0.390525 0.0746367 0.399894 -0.290028
Input-Hidden 0.108988 0.422021 0.33629 0.284166 0.00308247
Input-Hidden -0.0236974 0.496191 0.0549185 -0.150006 -0.0230774
Input-Hidden -0.289592 0.15115 -0.0122787 0.383089 -0.44563
Input-Hidden 0.147829 -0.238417 -0.352463 -0.0195137 -0.253252
Input-Hidden 0.17288 0.270621 -0.475959 0.310132 0.367911
Input-Hidden 0.414189 -0.215325 0.119383 -0.0311135 -0.33445
Input-Hidden -0.0822758 0.0723155 -0.452751 0.0768694 -0.165003
Input-Hidden 0.43643 0.360289 -0.135383 -0.0424455 -0.537201
Input-Hidden -0.474602 -0.39453 -0.183304 -0.238212 -0.534332
Input-Hidden -0.474636 0.134353 0.250496 0.160149 -0.447604
Input-Hidden -0.168787 -0.0756275 0.175016 -0.17547 -0.276255
Input-Hidden -0.097373 -0.473324 0.202207 0.168975 -0.0793047
Input-Hidden -0.483575 0.0423417 0.382161 0.369647 -0.155876
Input-Hidden -0.168064 0.232811 -0.307871 -0.339513 0.224685
Input-Hidden 0.397329 0.430691 -0.133454 0.0770784 -0.20868
Input-Hidden 0.29019 -0.171214 -0.128115 -0.475215 0.31441
Input-Hidden -0.265457 -0.100495 0.210775 -0.0559073 0.0632847
Input-Hidden 0.116211 -0.038017 0.0502334 -0.346381 -0.37194
Input-Hidden -0.127459 -0.197073 0.0886852 -0.061573 -0.1118
Input-Hidden 0.362783 0.0556272 -0.209172 0.0430782 -0.117751
Input-Hidden -0.489607 -0.19204 0.222974 -0.300618 0.397993
Input-Hidden -0.156379 0.130333 0.370591 0.19666 -0.28682
Input-Hidden -0.128068 -0.0798552 -0.0271805 0.311792 -0.0996139
Input-Hidden -0.401172 0.327918 -0.334153 -0.10451 -0.375813
Input-Hidden 0.467461 0.337465 -0.335944 -0.405033 0.118861
Input-Hidden 0.290717 0.459115 -0.151567 0.08457 0.38025
Input-Hidden 0.323783 -0.476273 -0.164716 -0.157514 -0.470864
Input-Hidden 0.247078 -0.195101 -0.508585 -0.119531 0.175337
Input-Hidden 0.346575 0.436353 -0.19976 -0.000143092 0.228042
Input-Hidden -0.0144335 0.0183899 0.0748958 0.329248 -0.326089
Input-Hidden 0.0251369 -0.405871 0.412368 -0.0882256 0.443006
Input-Hidden -0.195643 -0.387481 -0.323107 0.32458 -0.453453
Input-Hidden -0.178406 0.406704 0.166177 0.456573 -0.0412614
Input-Hidden -0.437999 0.232291 -0.0124467 0.379265 -0.0600336
Input-Hidden -0.312811 -0.482656 0.329038 -0.173289 -0.406015
Input-Hidden 0.0585242 -0.151889 0.202589 -0.38477 0.0263277
Input-Hidden 0.301419 0.308463 0.448125 -0.191143 -0.148262
Input-Hidden -0.522419 0.416874 0.421917 -0.304428 0.442034
Input-Hidden -0.246219 0.484693 0.00767407 -0.27055 -0.195741
Input-Hidden 0.267182 -0.157008 -0.0936099 -0.444293 -0.140485
Input-Hidden -0.434071 0.430232 0.205295 -0.504343 -0.397143
Input-Hidden -0.273646 0.319192 0.373862 -0.0376002 -0.405535
Input-Hidden 0.0994864 -0.10171 -0.331856 0.259159 -0.150508
Input-Hidden 0.332413 0.28065 0.39974 -0.341976 -0.100787
Input-Hidden 0.186838 -0.17857 -0.467594 0.300092 0.249904
Input-Hidden -0.262829 -0.309403 -0.0475311 0.428625 -0.459885
Input-Hidden -0.305048 -0.0122169 -0.430995 0.377644 0.211958
Input-Hidden -0.00165442 0.262101 -0.320721 0.472587 0.314093
Input-Hidden -0.254584 0.273438 -0.071705 0.275431 0.250959
Input-Hidden 0.230475 -0.135742 0.14765 -0.32908 0.192267
Input-Hidden -0.33343 0.454138 0.130617 -0.356129 0.0989835
Input-Hidden 0.0129351 0.242692 -0.0690929 0.336533 0.0226807
Input-Hidden 0.41249 0.121337 0.39053 0.237548 -0.435594
Input-Hidden -0.419887 -0.187134 0.305586 0.386241 -0.0292048
Input-Hidden 0.422541 0.447505 0.15729 0.216957 -0.309901
Input-Hidden -0.410195 -0.435616 -0.443576 0.328988 0.261958
Input-Hidden 0.266118 -0.0177743 -0.0118383 0.461928 0.0490405
Input-Hidden -0.309028 -0.437396 -0.506522 0.310566 0.152138
Input-Hidden -0.491098 -0.301642 -0.249386 -0.241448 -0.0602403
Input-Hidden -0.227546 -0.31357 0.0178695 0.0085596 0.190504
Input-Hidden -0.186007 -0.19633 0.031848 0.0388266 0.0905725
Input-Hidden 0.00108339 0.393113 -0.363755 0.0613158 0.412193
Input-Hidden 0.0685026 -0.108143 0.0568077 -0.296842 0.241072
Input-Hidden 0.170239 -0.0793299 0.401608 -0.303093 -0.343525
Input-Hidden -0.0878459 -0.377919 0.0141319 0.476861 -0.238036
Input-Hidden -0.404498 -0.371667 -0.393528 -0.144103 -0.0287625
Input-Hidden 0.135701 0.283289 -0.392919 -0.0303708 -0.149624
Input-Hidden -0.375809 -0.395016 0.367495 -0.231726 -0.229903
Input-Hidden -0.0825228 -0.100936 0.412774 -0.0109374 -0.0332224
Input-Hidden -0.071159 -0.435417 0.118881 0.00310062 0.0425858
Input-Hidden -0.0800864 -0.262168 0.276617 -0.372549 -0.119143
Input-Hidden -0.450421 -0.468097 -0.518352 -0.0758664 -0.152814
Input-Hidden -0.0519028 0.330008 -0.326217 0.202216 0.288587
Input-Hidden 0.156056 0.420555 -0.27137 0.158159 0.321439
Input-Hidden 0.0152616 0.112957 -0.351413 -0.422125 0.386266
Input-Hidden -0.25113 -0.109987 0.365043 -0.28068 -0.486183
Input-Hidden 0.0581392 -0.176455 0.284502 -0.498045 -0.449826
Input-Hidden -0.0796154 -0.505505 -0.434957 -0.016605 -0.0259614
Input-Hidden 0.29447 -0.130329 -0.23459 -0.334275 0.0882335
Input-Hidden -0.494524 -0.068494 -0.178831 0.333653 -0.238369
Input-Hidden -0.485427 0.368614 0.379739 -0.0999972 0.0862003
Input-Hidden 0.0429888 -0.16057 0.345958 -0.503205 -0.00839602
Input-Hidden -0.0291149 0.161625 0.185441 0.432062 -0.506765
Input-Hidden 0.0619863 0.0626005 0.425127 0.0051031 -0.241324
Input-Hidden -0.210334 -0.327688 -0.254418 -0.384433 0.00803937
Input-Hidden 0.223507 0.442218 0.170185 -0.294197 0.190422
Input-Hidden 0.238338 -0.419086 0.189335 -0.0684558 0.272016
Input-Hidden 0.149821 -0.256391 -0.443301 -0.0297831 -0.0117833
Input-Hidden 0.470671 0.299184 -0.36443 0.202269 -0.0222929
Input-Hidden -0.465464 0.0864828 -0.455617 -0.449264 0.3875
Input-Hidden -0.0310412 -0.114814 0.0350371 -0.450666 -0.119349
Input-Hidden 0.371932 0.280967 -0.512996 0.356573 -0.409964
Input-Hidden 0.421154 0.277826 0.373439 -0.486784 -0.429694
Input-Hidden -0.0606934 0.365275 0.409794 0.16031 0.168223
Input-Hidden -0.199022 -0.144598 0.345057 -0.302436 0.141879
Input-Hidden 0.383511 0.344585 -0.499283 -0.0149469 -0.0571054
Input-Hidden -0.00313528 0.452531 -0.00565808 0.244956 0.00575434
Input-Hidden -0.340283 0.275786 0.3857 0.0981928 0.136482
Input-Hidden -0.0113236 0.0652383 0.216252 -0.0933806 -0.41826
Input-Hidden 0.248666 0.271927 -0.402364 0.314011 -0.303337
Input-Hidden -0.493 -0.056864 0.0163845 0.280229 -0.457478
Input-Hidden 0.0818271 0.444981 0.0453168 -0.330701 -0.495395
Input-Hidden -0.109079 -0.323567 0.272929 0.298529 -0.0966711
Input-Hidden -0.432617 -0.181738 -0.199381 -0.327042 -0.114369
Input-Hidden -0.17324 0.244898 -0.377787 -0.099026 -0.364951
Input-Hidden -0.413716 0.458167 -0.470785 0.288867 0.257267
Input-Hidden 0.0115636 -0.405859 0.344203 0.311169 -0.16168
Input-Hidden -0.486851 -0.386149 -0.375741 0.0212792 -0.0755696
Input-Hidden -0.285761 -0.3591 0.168963 -0.344467 -0.0168962
Input-Hidden 0.100941 -0.171349 0.239821 0.441718 0.376335
Input-Hidden -0.153658 0.35585 -0.143717 0.0430216 -0.458347
Input-Hidden 0.316187 -0.270344 -0.292197 0.122769 -0.0751887
Input-Hidden -0.0781232 -0.104101 -0.483366 0.19952 -0.442995
Input-Hidden -0.233603 -0.443918 -0.105167 -0.359441 -0.28799
Input-Hidden -0.0362137 -0.373726 -0.39824 -0.468215 -0.191378
Input-Hidden 0.195209 -0.0666137 0.13029 -0.255215 0.0746755
Input-Hidden -0.387294 -0.0523243 -0.022622 -0.00379383 0.339564
Input-Hidden 0.129765 0.447137 -0.196094 -0.178299 0.34379
Input-Hidden 0.474507 0.317002 0.15855 0.320777 -0.0637276
Input-Hidden 0.167629 -0.376305 -0.494461 0.469041 -0.342808
Input-Hidden -0.124073 0.166677 0.345276 -0.183965 -0.153613
Input-Hidden -0.272364 -0.372525 -0.504919 -0.487916 0.0684689
Input-Hidden -0.0464293 -0.392686 0.374143 0.374101 0.0697417
Input-Hidden 0.187099 -0.487112 0.31339 -0.102846 -0.389189
Input-Hidden -0.321014 -0.398818 -0.0823788 0.349244 0.0119013
Input-Hidden -0.117104 -0.0356675 -0.387095 0.184221 -0.558595
Input-Hidden 0.00432711 -0.450636 0.364891 -0.126281 -0.604581
Input-Hidden -0.00187387 -0.254567 -0.46668 -0.220799 -0.222252
Input-Hidden 0.201639 0.0411845 -0.112463 -0.349477 0.126276
Input-Hidden -0.359086 -0.0885564 0.337978 0.311528 -0.310181
Input-Hidden -0.190283 -0.473564 0.445506 -0.01659 -0.370331
Input-Hidden -0.157807 -0.48331 0.122415 -0.223803 0.243588
Input-Hidden 0.430047 -0.385907 0.0333872 -0.358131 0.0990251
Input-Hidden 0.157242 -0.19187 0.0528795 0.371691 -0.0402563
Input-Hidden 0.339623 -0.427656 0.296051 0.0560143 0.0927741
Input-Hidden -0.27763 -0.0893739 0.352342 -0.411644 -0.180978
Input-Hidden -0.23983 -0.112558 0.124275 -0.348622 -0.288764
Input-Hidden 0.0614647 -0.420472 -0.43156 0.312499 -0.114567
Input-Hidden 0.184171 0.363418 -0.088937 0.284911 0.162665
Input-Hidden -0.488566 0.0889425 -0.508111 -0.101327 -0.462235
Input-Hidden -0.389483 0.140069 -0.135663 -0.00919266 0.0338123
Input-Hidden -0.307375 -0.450907 -0.287975 -0.143505 -0.0966668
Input-Hidden 0.092116 0.323307 -0.391066 0.407204 0.0101282
Input-Hidden -0.229106 -0.379834 0.0275788 0.0652422 0.372615
Input-Hidden 0.164551 -0.524431 -0.0450255 -0.341491 -0.401974
Input-Hidden -0.066764 -0.201174 -0.424209 0.034353 -0.272905
Input-Hidden -0.451031 -0.536683 -0.36757 0.460328 -0.376489
Input-Hidden 0.482496 -0.228765 -0.327899 -0.0657855 0.190541
Input-Hidden -0.329395 -0.23304 -0.0641134 0.14191 -0.323587
Input-Hidden 0.29546 -0.0488178 0.0887288 0.434193 -0.0866909
Input-Hidden 0.290385 0.254091 -0.401215 0.149721 0.0611749
Input-Hidden 0.462984 -0.084468 -0.460206 -0.286383 0.338337
Input-Hidden -0.294574 0.158795 -0.495892 0.399622 -0.00514334
Input-Hidden 0.482303 -0.153115 0.368379 0.357213 0.0295424
Input-Hidden 0.390427 0.382363 0.369779 -0.29428 0.396534
Input-Hidden -0.137882 -0.311234 -0.314269 0.301364 -0.535177
Input-Hidden 0.0286504 -0.290903 -0.0893087 0.0498206 0.164776
Input-Hidden -0.314578 -0.184108 -0.510992 -0.353513 0.0602238
Input-Hidden -0.468456 -0.466379 -0.400709 0.0128636 -0.103249
Input-Hidden 0.418988 -0.0492883 0.312659 -0.136378 0.0985474
Input-Hidden -0.138049 0.333074 0.111991 -0.320715 -0.533405
Input-Hidden -0.414513 0.46502 8.36605e-05 0.149538 0.174069
Input-Hidden -0.312925 0.370704 -0.50248 -0.106244 -0.551638
Input-Hidden -0.312785 0.438586 -0.027002 0.37783 0.173938
Input-Hidden -0.0487529 0.308276 0.377068 -0.431588 0.317837
Input-Hidden 0.00902282 0.120885 0.0298109 -0.292151 0.01097
Input-Hidden 0.0203522 0.286818 0.0658054 0.00630819 -0.542766
Input-Hidden 0.252762 0.0219905 -0.0958263 -0.389408 0.139049
Input-Hidden -0.464994 -0.19656 -0.110679 -0.458846 -0.437946
Input-Hidden -0.165316 0.113265 0.122166 -0.4248 0.325205
Input-Hidden 0.212023 0.479647 0.395569 -0.409167 0.196895
Input-Hidden 0.0847112 0.376813 0.0570079 0.338737 -0.558367
Input-Hidden 0.113631 0.429136 0.202833 0.251065 -0.180466
Input-Hidden -0.0114426 0.100377 -0.237865 0.15727 0.0429022
Input-Hidden 0.0385384 0.0922947 0.23448 0.411381 -0.155692
Input-Hidden 0.425694 0.305832 -0.262667 0.477683 0.292253
Input-Hidden -0.129344 0.394891 -0.0660055 -0.292557 -0.0300644
Input-Hidden 0.176368 -0.388923 -0.321881 0.0193265 0.387883
Input-Hidden 0.103448 0.446409 0.420636 0.0270898 0.0302048
Input-Hidden -0.446267 -0.156718 0.457576 -0.404056 0.317482
Input-Hidden -0.384099 0.238662 -0.389373 0.29418 -0.521434
Input-Hidden 0.449057 -0.201335 -0.0789589 0.0614622 -0.529355
Input-Hidden 0.0047486 -0.45071 0.419691 -0.112424 0.285921
Input-Hidden -0.170306 0.282182 0.0640685 -0.276489 0.0195725
Input-Hidden -0.503185 -0.264001 0.162682 0.071656 0.190976
Input-Hidden 0.153957 -0.271329 -0.25208 -0.323401 -0.162725
Input-Hidden -0.191676 -0.182649 -0.480038 0.278841 -0.205388
Input-Hidden -0.491613 -0.35312 -0.407045 -0.118282 -0.519791
Input-Hidden -0.30735 -0.0226633 -0.22178 -0.36688 0.281966
Input-Hidden -0.0803569 0.309482 0.341118 -0.0635203 0.0327218
Input-Hidden 0.386569 -0.0299435 -0.0494747 -0.313516 0.213385
Input-Hidden 0.135428 -0.302638 -0.0399865 0.175059 0.359447
Input-Hidden -0.168323 0.0750364 -0.229766 0.325183 0.346366
Input-Hidden -0.101976 -0.0192686 0.449258 -0.34683 -0.270521
Input-Hidden -0.470162 0.280666 0.475773 -0.438731 -0.557782
Input-Hidden -0.2207 -0.518048 -0.0711492 -0.0357733 0.176633
Input-Hidden 0.247574 -0.218486 0.111704 0.0822531 0.408616
Input-Hidden 0.392106 -0.491114 -0.116726 0.164976 0.272124
Input-Hidden -0.0485103 0.188075 -0.29459 0.0180373 -0.432525
Input-Hidden -0.299536 0.163164 -0.489652 -0.182014 -0.189573
Input-Hidden -0.414441 0.249366 0.297439 -0.301343 -0.0125923
Input-Hidden -0.416885 -0.490641 0.0234481 -0.147113 -0.489862
Input-Hidden -0.467014 0.0467466 -0.248783 -0.389876 0.0106844
Input-Hidden 0.192609 -0.0520889 0.187025 -0.0222716 0.0766567
Input-Hidden -0.459746 -0.0621842 0.177599 -0.28721 -0.433054
Input-Hidden 0.0367445 -0.340536 0.172327 0.180086 0.383107
Input-Hidden -0.155982 -0.487059 0.319981 -0.49361 -0.10367
Input-Hidden -0.179229 0.428823 0.094594 -0.111578 -0.415212
Input-Hidden 0.135443 -0.249206 0.380253 -0.127205 -0.428472
Input-Hidden -0.361218 0.0909904 0.0509011 0.335059 -0.230695
Input-Hidden 0.0206696 0.186459 0.0212423 0.273613 -0.230339
Input-Hidden -0.319677 -0.189392 -0.322108 0.407901 -0.366996
Input-Hidden 0.182159 -0.312289 0.16505 0.243878 -0.361817
Input-Hidden 0.341109 0.376532 0.236011 0.142807 -0.0990257
Input-Hidden 0.297488 -0.240297 -0.0483899 -0.221445 0.0204695
Input-Hidden 0.313369 0.165114 -0.224785 -0.361444 -0.506724
Input-Hidden 0.378554 0.0269118 0.0210344 -0.0571515 0.299875
Input-Hidden -0.421282 0.264198 -0.291629 0.394707 -0.219989
Input-Hidden 0.466368 -0.507744 0.234515 0.0992683 -0.429581
Input-Hidden -0.114733 0.480744 -0.212607 -0.407139 0.0457005
Input-Hidden 0.0392458 -0.135295 0.0752859 -0.37579 -0.0951915
Input-Hidden 0.140328 0.342687 0.462057 0.329672 -0.29804
Input-Hidden -0.14853 0.46207 -0.285921 0.208707 -0.392793
Input-Hidden -0.206579 -0.454936 -0.148612 -0.218782 -0.415329
Input-Hidden 0.421389 -0.267859 -0.406791 -0.413769 -0.0161061
Input-Hidden 0.264554 -0.31408 0.276854 0.251334 0.196354
Input-Hidden -0.16213 0.0288257 0.383817 0.17755 0.198784
Input-Hidden -0.482952 -0.403058 -0.411363 0.0268478 -0.0288114
Input-Hidden 0.364342 0.0781993 -0.510753 -0.265771 -0.130213
Input-Hidden -0.199148 -0.27495 -0.412377 0.149447 -0.142613
Input-Hidden 0.187255 0.194871 -0.245902 -0.246243 -0.290199
Input-Hidden 0.371843 0.342572 -0.485833 0.473917 0.282122
Input-Hidden -0.410604 0.299069 0.391339 0.277926 -0.208593
Input-Hidden 0.128923 0.406237 -0.353978 0.318444 0.163408
Input-Hidden 0.16141 0.181624 -0.153543 0.0139389 -0.0341365
Input-Hidden 0.288001 -0.351722 -0.474646 0.123301 -0.194529
Input-Hidden 0.00713026 0.369165 -0.0760686 0.199297 0.281229
Input-Hidden -0.375066 0.034084 -0.213436 -0.307134 0.0192819
Input-Hidden -0.248711 0.0326599 -0.113953 -0.0788896 -0.235432
Input-Hidden -0.488772 -0.417924 -0.375296 -0.0577969 0.351117
Input-Hidden 0.355402 0.46426 -0.134457 -0.311053 -0.15503
Input-Hidden -0.393732 -0.470552 0.0580116 0.128659 -0.564036
Input-Hidden -0.0443631 -0.457249 0.409028 -0.410472 0.106972
Input-Hidden 0.50067 -0.208895 0.297404 -0.294276 0.258619
Input-Hidden -0.181657 -0.209104 -0.107986 0.308226 -0.567753
Input-Hidden 0.256624 -0.215248 -0.00522485 0.0444936 -0.549355
Input-Hidden -0.244325 0.107687 -0.0742016 -0.100186 -0.4948
Input-Hidden -0.25211 0.045294 -0.353662 -0.185459 -0.00788868
Input-Hidden -0.301246 0.0301427 0.441766 0.206358 -0.0412724
Input-Hidden -0.289864 -0.321512 -0.113129 -0.0738588 0.0345081
Input-Hidden 0.16758 0.0889336 -0.166599 -0.493249 0.00432763
Input-Hidden 0.174148 -0.205904 -0.185039 0.0907503 -0.560928
Input-Hidden 0.120122 0.291269 -0.465891 0.127081 0.125136
Input-Hidden 0.430575 -0.37642 0.221906 0.0662662 -0.243983
Input-Hidden 0.252583 0.189432 -0.385455 -0.29175 -0.0894856
Input-Hidden -0.127847 0.0811684 -0.33921 -0.0692139 0.225231
Input-Hidden 0.210907 -0.366753 -0.0130525 -0.469951 0.314528
Input-Hidden -0.361076 -0.0393148 -0.381495 -0.188035 0.269622
Input-Hidden -0.264172 0.386413 0.143456 0.277788 -0.564321
Input-Hidden -0.0989263 0.0582886 0.305248 -0.239643 0.318922
Input-Hidden 0.30716 0.444543 -0.114767 -0.373604 -0.11083
Input-Hidden -0.514352 0.202304 0.0973268 -0.0286624 0.0849483
Input-Hidden 0.0407975 -0.262356 0.139127 -0.348756 -0.203324
Input-Hidden -0.215309 0.426738 -0.482684 -0.0281946 -0.312019
Input-Hidden -0.33909 -0.158911 -0.157771 0.452956 -0.217951
Input-Hidden -0.406125 -0.377614 -0.13599 -0.455954 -0.0319155
Input-Hidden -0.223268 0.0778321 0.445781 -0.251595 0.477321
Input-Hidden 0.386045 -0.240327 -0.48764 -0.267311 -0.0109964
Input-Hidden -0.348354 -0.277326 -0.247516 0.0625318 -0.0124949
Input-Hidden 0.333613 -0.301472 0.469842 0.368353 0.105233
Input-Hidden 0.175865 -0.38074 0.335417 -0.323975 -0.391484
Input-Hidden 0.0966355 0.270158 0.141233 0.467793 0.396227
Input-Hidden 0.446775 0.211121 -0.385166 -0.282126 -0.455795
Input-Hidden -0.326374 0.401272 -0.406548 -0.0476279 0.239124
Input-Hidden 0.459472 0.289372 0.446786 -0.390684 -0.520041
Input-Hidden 0.271964 0.320142 0.0837104 -0.485005 -0.297529
Input-Hidden 0.000604749 0.485605 0.276284 0.366181 -0.333317
Input-Hidden 0.43402 -0.228365 0.200854 0.0269707 -0.464732
Input-Hidden 0.280559 0.281056 -0.50237 0.072866 0.373717
Input-Hidden 0.180139 0.235886 -0.0500906 -0.282586 0.364528
Input-Hidden 0.349868 0.454571 0.453949 0.0557599 0.0734463
Input-Hidden -0.15391 0.351673 0.442112 0.0400809 -0.468861
Input-Hidden -0.513415 0.257056 -0.459922 0.0613712 -0.389286
Input-Hidden 0.137947 -0.441255 0.0010052 -0.354 0.230232
Input-Hidden 0.0156926 0.311176 0.0332076 -0.254799 0.325807
Input-Hidden -0.143406 0.369271 -0.00816828 0.251182 0.0626078
Input-Hidden 0.0739728 -0.118631 -0.236723 0.107496 -0.210124
Input-Hidden 0.0127861 -0.299162 0.347148 0.0325062 -0.42948
Input-Hidden 0.329193 -0.225111 -0.00199568 0.239328 -0.423807
Input-Hidden 0.309297 0.266933 0.141923 -0.414654 -0.509006
Input-Hidden 0.0782199 0.135863 -0.4168 -0.378333 0.160892
Input-Hidden -0.503413 -0.483337 0.224069 -0.0320683 0.028778
Input-Hidden 0.0258749 0.41794 -0.157904 0.362529 -0.249672
Input-Hidden -0.443631 -0.0100239 0.438702 -0.154534 -0.349332
Input-Hidden -0.0681609 -0.231017 0.209381 -0.0602417 -0.484499
Input-Hidden 0.456659 0.17294 0.424716 -0.130925 -0.450204
Input-Hidden 0.423691 0.459529 0.00513929 0.447495 0.447874
Input-Hidden -0.500025 0.0599654 0.103217 -0.489536 -0.0438158
Input-Hidden -0.23842 -0.100374 0.220473 0.0233636 -0.0105007
Input-Hidden 0.0123665 -0.0564239 0.352152 0.395009 0.0488166
Input-Hidden 0.463336 0.224748 0.114718 0.147958 -0.457273
Input-Hidden -0.392561 -0.292456 0.112976 -0.260141 0.364846
Input-Hidden -0.23501 -0.325267 -0.504732 -0.443527 0.444338
Input-Hidden 0.182896 -0.166526 -0.259129 0.440617 0.216471
Input-Hidden -0.360671 0.429109 -0.482449 -0.438738 -0.0304354
Input-Hidden -0.282597 0.309707 0.0889064 -0.23553 0.340307
Input-Hidden -0.289491 0.198219 -0.0968055 0.224506 0.242161
Input-Hidden -0.143685 0.218937 -0.448027 0.426309 0.0744943
Input-Hidden 0.0917594 -0.0573874 -0.0738786 -0.242818 0.283019
Input-Hidden -0.211095 -0.25684 -0.125885 0.250405 -0.153028
Input-Hidden -0.10038 0.484055 0.192238 -0.0995114 0.0309166
Input-Hidden -0.370609 -0.0831294 0.204944 -0.0249455 -0.123253
Input-Hidden -0.39262 -0.196781 -0.284995 -0.305505 -0.117659
Input-Hidden -0.357068 -0.256492 0.0519134 -0.100245 -0.136006
Input-Hidden -0.406976 -0.296369 0.478051 -0.377089 0.00802345
Input-Hidden 0.0901657 0.143599 0.44483 0.184199 -0.361741
Input-Hidden -0.341724 0.379009 -0.388655 -0.394863 0.294882
Input-Hidden 0.167806 -0.432372 0.186072 -0.116713 -0.205864
Input-Hidden 0.0237379 -0.215565 -0.323295 0.050363 0.337528
Input-Hidden -0.101441 -0.278199 0.129225 -0.406609 -0.101202
Input-Hidden 0.234739 0.018926 0.351582 -0.190554 -0.512599
Input-Hidden -0.257592 0.353602 0.0435284 0.225325 0.1054
Input-Hidden 0.311206 0.154167 0.433147 0.276737 0.396634
Input-Hidden 0.29605 0.140864 0.265499 0.126613 -0.167328
Input-Hidden 0.248415 -0.0933052 0.0661761 0.0918389 0.170336
Input-Hidden -0.202185 -0.14969 -0.352192 -0.11643 0.257251
Input-Hidden 0.448949 -0.195611 -0.295564 -0.398464 -0.084998
Input-Hidden -0.202012 0.330382 0.418033 -0.113671 -0.0864164
Input-Hidden -0.297793 -0.385977 -0.115236 -0.492522 0.308961
Input-Hidden -0.501576 -0.169354 0.328755 -0.376921 0.434457
Input-Hidden 0.104894 -0.128553 -0.234042 0.361549 0.409052
Input-Hidden 0.155516 0.333053 0.0539245 0.406389 0.490001
Input-Hidden 0.307606 0.474333 -0.365528 -0.0995115 -0.195524
Input-Hidden -0.481981 -0.062092 -0.350651 0.314997 -0.503402
Input-Hidden 0.217841 0.286911 -0.41433 0.134886 -0.347133
Input-Hidden 0.39465 -0.379096 -0.220723 -0.0112312 0.441505
Input-Hidden -0.396342 0.36093 0.102225 -0.149204 -0.399346
Input-Hidden -0.0736555 -0.0113581 -0.487409 -0.0533625 0.085746
Input-Hidden 0.417449 0.204745 0.479554 -0.319671 0.147275
Input-Hidden 0.473515 -0.129051 0.025088 -0.20047 -0.242129
Input-Hidden 0.303961 -0.312199 -0.378315 0.435074 -0.173518
Input-Hidden -0.00412914 -0.184939 0.0764912 -0.192679 -0.452654
Input-Hidden -0.335103 -0.427188 -0.0293159 -0.20088 -0.308328
Input-Hidden 0.019054 0.347584 0.22434 0.40884 -0.544204
Input-Hidden -0.00760887 0.473501 -0.449502 0.41623 0.0858952
Input-Hidden -0.198276 -0.367307 -0.0658629 0.125089 -0.424856
Input-Hidden 0.303158 0.197414 -0.324196 0.351023 0.00911973
Input-Hidden -0.163215 0.346082 0.0285688 0.308793 0.243839
Input-Hidden -0.118866 0.171025 0.45203 0.393334 0.301738
Input-Hidden -0.112342 -0.166724 0.237117 -0.0897123 -0.487908
Input-Hidden -0.115846 -0.318332 0.294414 0.0338615 -0.511398
Input-Hidden 0.0712703 0.489734 -0.46541 0.381353 -0.403793
Input-Hidden -0.288397 0.0858193 0.41025 0.41901 0.0443793
Input-Hidden -0.258801 0.0713974 0.0453088 -0.179124 0.11321
Input-Hidden -0.419169 0.277359 0.317543 -0.420308 0.344087
Input-Hidden -0.092399 0.41613 0.134585 0.375308 -0.3416
Input-Hidden -0.27432 0.00679937 0.411207 -0.510814 -0.508043
Input-Hidden -0.128353 0.173701 -0.195634 0.109273 0.228014
Input-Hidden 0.328714 -0.125235 -0.20617 0.431974 0.101045
Input-Hidden -0.495125 0.428636 -0.055821 -0.119294 -0.459565
Input-Hidden -0.057538 -0.536086 0.12441 -0.112799 -0.18905
Input-Hidden -0.361084 0.167697 -0.00123214 -0.361439 0.140436
Input-Hidden -0.463638 0.226178 -0.449105 -0.486065 -0.505174
Input-Hidden -0.458975 0.329819 0.381056 -0.352845 -0.393476
Input-Hidden 0.0707906 0.224737 0.0792783 0.209622 0.212413
Input-Hidden 0.0910263 -0.288184 0.0279766 0.429182 -0.367984
Input-Hidden 0.483253 -0.0742668 0.244805 -0.254586 -0.514082
Input-Hidden 0.507895 -0.256975 -0.07059 0.376262 -0.435626
Input-Hidden 0.480932 -0.0115011 -0.41914 0.224404 -0.439692
Input-Hidden -0.257754 0.375746 0.353109 0.239619 0.252877
Input-Hidden 0.137451 0.116746 -0.245053 0.412542 -0.0952686
Input-Hidden 0.0463584 -0.0617104 -0.395912 -0.451197 0.0942965
Input-Hidden -0.084081 0.409872 0.30613 -0.210015 0.19863
Input-Hidden -0.273055 -0.428915 -0.0975132 -0.372779 -0.153311
Input-Hidden 0.0615181 -0.297924 0.196342 -0.106265 -0.0582618
Input-Hidden -0.419837 0.446761 0.129811 -0.0742806 -0.49214
Input-Hidden -0.302684 0.461464 -0.0372245 -0.511151 -0.0542735
Input-Hidden -0.351335 -0.256775 -0.148004 -0.300999 -0.0871506
Input-Hidden 0.187753 0.437812 0.0914074 -0.338668 -0.347984
Input-Hidden -0.24021 0.338249 0.425618 0.269703 -0.40605
Input-Hidden -0.481467 -0.378897 -0.0849906 0.303389 0.11326
Input-Hidden 0.421315 0.366786 -0.38176 0.137084 -0.108746
Input-Hidden -0.256957 -0.193401 -0.0619564 0.259112 -0.319914
Input-Hidden 0.413586 0.0114698 0.353486 0.19268 0.172927
Input-Hidden 0.223799 0.23575 0.204866 0.193832 -0.279982
Input-Hidden 0.491546 0.330342 0.411679 -0.190276 0.297945
Input-Hidden -0.302091 0.414391 -0.212058 0.141516 0.408253
Input-Hidden 0.455464 0.26404 0.322622 -0.506934 0.376015
Input-Hidden 0.0829563 0.124924 -0.10892 -0.230692 0.302322
Input-Hidden 0.184768 -0.0202462 0.0132808 0.466942 -0.0682262
Input-Hidden 0.497233 -0.479206 0.0283548 -0.00123118 -0.486481
Input-Hidden 0.0851687 0.0104024 -0.251994 -0.0904559 -0.526575
Input-Hidden -0.148653 0.0309879 0.0482689 -0.0666671 0.365111
Input-Hidden 0.176538 -0.487132 0.156716 -0.19701 -0.186005
Input-Hidden 0.328972 0.272499 -0.0177563 -0.402938 0.361347
Input-Hidden 0.171133 -0.0827585 -0.108538 -0.254715 0.0796332
Input-Hidden 0.412756 -0.353196 0.367941 -0.411623 -0.278236
Input-Hidden -0.00956837 0.211911 0.236936 0.400283 0.174553
Input-Hidden -0.419337 -0.262748 -0.497339 -0.44993 -0.222869
Input-Hidden 0.138536 0.407925 0.12133 0.0837728 -0.441187
Input-Hidden -0.349913 0.191213 -0.205994 0.401148 0.192735
Input-Hidden -0.120022 -0.462326 -0.372634 -0.152008 -0.340798
Input-Hidden -0.100356 -0.0779957 0.22166 0.228664 -0.463298
Input-Hidden -0.0956657 -0.415509 0.160354 0.34587 -0.440964
Input-Hidden -0.178314 0.28892 0.0674294 -0.127457 -0.161444
Input-Hidden 0.0949525 -0.459422 0.472231 -0.338828 0.339111
Input-Hidden 0.429993 -0.182832 -0.370534 0.195216 0.237025
Input-Hidden 0.277692 0.270275 0.289197 -0.317635 -0.024928
Input-Hidden 0.0739734 -0.296583 -0.413283 0.268934 -0.189016
Input-Hidden 0.428077 0.174177 0.0764528 0.0425391 -0.109513
Input-Hidden 0.269819 0.33278 -0.442666 0.283194 -0.0333607
Input-Hidden -0.312509 -0.233175 0.0790029 -0.0170229 0.0748445
Input-Hidden 0.172741 0.0144753 -0.507572 0.0745596 -0.486221
Input-Hidden -0.217943 0.147696 -0.159998 0.327899 0.0159318
Input-Hidden -0.393151 0.085171 0.3545 -0.200701 0.156952
Input-Hidden 0.508762 0.460082 -0.344604 0.105097 -0.154082
Input-Hidden 0.281618 -0.227821 0.401185 0.378126 0.427963
Input-Hidden 0.212535 0.405005 -0.0765215 0.117104 0.399075
Input-Hidden 0.0125258 -0.45322 0.289649 -0.111344 0.0874119
Input-Hidden -0.459414 0.0257764 0.0993402 -0.0589994 -0.188261
Input-Hidden -0.22852 0.00201747 -0.318104 -0.310499 -0.464401
Input-Hidden -0.190439 0.0683225 0.416764 -0.195594 0.202664
Input-Hidden -0.125612 -0.0797345 0.388106 -0.348327 0.41863
Input-Hidden 0.0837421 -0.486713 -0.134918 0.150679 -0.499268
Input-Hidden -0.38043 0.0505132 -0.370563 -0.0199533 0.0309126
Input-Hidden -0.359623 0.44759 0.340282 -0.281176 -0.246678
Input-Hidden 0.389724 0.365575 0.359968 -0.0551967 0.140819
Input-Hidden -0.297971 0.366011 -0.068701 -0.0960589 0.440195
Input-Hidden -0.0514688 0.0976018 -0.4061 0.0200423 0.449478
Input-Hidden -0.26474 0.115448 0.295686 0.411815 -0.104837
Input-Hidden -0.272373 0.260951 -0.186096 0.461601 0.10481
Input-Hidden 0.0772604 -0.441777 -0.429229 -0.311952 -0.122413
Input-Hidden 0.0827171 -0.52519 0.255826 0.10096 0.490211
Input-Hidden 0.328313 -0.267915 -0.103363 0.36109 -0.330096
Input-Hidden 0.509303 -0.473885 0.290136 0.161532 0.128971
Input-Hidden -0.0474877 0.327994 0.35894 0.429406 -0.475164
Input-Hidden 0.107152 -0.427522 0.152473 0.141498 0.373211
Input-Hidden 0.22847 -0.302149 -0.0699582 -0.330143 0.0396302
Input-Hidden 0.409037 0.267703 0.432791 0.416978 -0.34621
Input-Hidden 0.245929 -0.32685 0.364139 -0.0789181 0.27368
Input-Hidden 0.0298049 -0.183006 -0.284575 0.0893537 -0.207041
Input-Hidden -0.0430924 -0.0218179 0.417187 -0.0456308 0.33718
Input-Hidden 0.448532 -0.380184 -0.175703 0.188913 0.251029
Input-Hidden 0.0702774 -0.404807 0.209253 0.00487147 0.31803
Input-Hidden 0.428942 -0.129221 -0.144211 -0.0224049 0.107892
Input-Hidden -0.0734165 -0.281683 0.441992 0.117219 0.119915
Input-Hidden -0.172502 -0.158936 -0.301597 0.433942 -0.369969
Input-Hidden 0.169394 -0.265051 -0.189081 0.277015 0.340528
Input-Hidden 0.0716952 -0.40106 0.352739 0.204297 0.484624
Input-Hidden -0.323227 -0.52389 -0.0884102 0.00341264 -0.366552
Input-Hidden -0.268626 -0.465979 0.181974 -0.00370648 0.0302319
Input-Hidden 0.364841 0.405077 -0.491463 -0.174896 0.0253037
Input-Hidden 0.291752 -0.465649 0.0920003 -0.494785 -0.277
Input-Hidden -0.123511 -0.371742 0.162344 -0.164639 -0.0930365
Input-Hidden -0.182718 -0.42404 0.228492 -0.49102 -0.323295
Input-Hidden 0.256182 0.171523 -0.422273 -0.0690504 -0.176277
Input-Hidden -0.226599 0.0583833 0.486476 0.366931 0.0258965
Input-Hidden -0.0911755 -0.349771 -0.385388 0.370426 0.192696
Input-Hidden 0.464649 -0.223269 -0.127595 0.159987 0.189681
Input-Hidden 0.356526 0.369533 -0.404615 0.0146298 0.158729
Input-Hidden 0.236174 0.232711 -0.0227629 0.0199294 0.0251103
Input-Hidden -0.372032 -0.177915 0.252304 -0.454294 -0.450267
Input-Hidden 0.334254 -0.362892 0.00824875 0.159201 0.476569
Input-Hidden 0.0924722 0.134909 -0.228273 -0.0592661 0.369397
Input-Hidden 0.0239325 0.245217 0.124116 0.0619391 0.397765
Input-Hidden 0.395789 0.310968 0.239275 -0.253663 -0.270294
Input-Hidden 0.389714 -0.102707 0.251881 -0.498902 0.0253371
Input-Hidden -0.362377 0.0915973 -0.379123 -0.272596 0.446831
Input-Hidden -0.417527 -0.101944 -0.0452687 -0.359364 -0.0258941
Input-Hidden 0.0333147 -0.316977 0.459174 0.338531 -0.0656587
Input-Hidden -0.159978 -0.113937 0.190477 0.0646702 -0.240454
Input-Hidden -0.306627 0.372224 0.295785 0.0456624 0.437365
Input-Hidden -0.141401 0.222621 0.303169 0.338124 0.0174374
Input-Hidden 0.198768 -0.518692 0.225063 -0.34458 -0.201687
Input-Hidden 0.172439 0.193668 -0.43889 -0.346948 0.0119832
Input-Hidden -0.153344 0.257735 -0.155467 -0.450288 -0.0096634
Input-Hidden -0.255072 -0.00136218 -0.17877 -0.199255 -0.166791
Input-Hidden 0.478546 0.295438 -0.0252378 0.0436541 0.0028339
Input-Hidden -0.138391 -0.0528046 -0.489269 -0.245745 -0.159956
Input-Hidden 0.191373 -0.279819 0.439885 0.0275111 -0.00426064
Input-Hidden 0.0572304 -0.510587 0.0411951 -0.0629937 0.49764
Input-Hidden -0.310746 0.11135 0.214353 0.182331 0.438485
Input-Hidden 0.474863 -0.507674 -0.283382 -0.0604856 0.37146
Input-Hidden -0.431661 -0.39962 0.380415 -0.111846 0.0208071
Input-Hidden -0.134959 0.0745653 -0.382823 0.0333867 -0.22406
Input-Hidden -0.0261462 -0.157282 0.471234 0.241051 0.547315
Input-Hidden -0.354938 -0.288568 0.344137 0.471542 -0.224248
Input-Hidden 0.225109 0.276342 0.484434 -0.254038 0.16034
Input-Hidden 0.335835 0.385019 -0.0945839 -0.474987 0.455201
Input-Hidden 0.0652617 0.0486675 -0.385142 0.212409 0.291633
Input-Hidden -0.252697 -0.0381711 -0.336681 0.201046 0.250176
Input-Hidden -0.233637 0.108996 -0.171187 -0.33397 0.125716
Input-Hidden -0.377115 0.0843611 -0.044985 -0.304178 -0.160018
Input-Hidden -0.356271 -0.52978 0.213507 -0.163784 -0.327559
Input-Hidden -0.161176 -0.40444 0.377126 0.145034 -0.151485
Input-Hidden -0.0298517 -0.033406 -0.487891 -0.228346 -0.274262
Input-Hidden 0.212088 -0.388674 0.233078 0.0859657 -0.0795566
Input-Hidden -0.369113 -0.149362 0.291687 0.426432 -0.205565
Input-Hidden -0.433819 0.116659 0.341682 -0.0950328 0.539398
Input-Hidden -0.0951671 0.256645 0.187021 -0.150527 -0.189721
Input-Hidden 0.0586414 0.189498 0.0472 -0.0347779 0.0636052
Input-Hidden 0.0343306 -0.0457071 0.294425 0.309234 0.477635
Input-Hidden -0.404599 0.166229 -0.0995818 0.467959 0.0669253
Input-Hidden -0.214712 0.102904 0.329624 -0.3354 -0.0128454
Input-Hidden 0.16223 0.204375 -0.0235619 0.452999 0.545693
Input-Hidden 0.312466 0.219315 0.383271 -0.213632 -0.168867
Input-Hidden 0.458852 0.0206182 0.337771 0.245956 -0.207278
Input-Hidden 0.42173 -0.370849 -0.232421 -0.488426 -0.401815
Input-Hidden 0.509814 -0.464201 0.362048 -0.113807 -0.193948
Input-Hidden -0.122603 -0.161395 0.0582563 -0.403593 0.344318
Input-Hidden 0.237225 -0.0583858 -0.227971 0.153285 -0.280253
Input-Hidden 0.321507 0.276301 -0.509323 -0.113969 0.480746
Input-Hidden 0.0858671 0.0617383 0.129408 -0.100008 -0.354426
Input-Hidden 0.504343 -0.0651544 0.227445 -0.252785 0.416742
Input-Hidden -0.296165 0.407879 0.0765177 0.460939 -0.27586
Input-Hidden 0.437895 0.134857 0.330753 -0.437314 -0.427575
Input-Hidden -0.161509 0.124114 -0.102824 -0.396059 -0.310708
Input-Hidden -0.285242 0.325505 -0.424033 -0.420536 0.472629
Input-Hidden -0.174729 0.0525067 -0.0747551 0.259323 -0.0935874
Input-Hidden -0.30954 -0.0422807 0.445966 0.271614 -0.189592
Input-Hidden -0.335214 0.151845 -0.173486 -0.120678 0.100813
Input-Hidden -0.472567 -0.3217 0.467765 0.0662625 -0.390528
Input-Hidden 0.253745 0.286087 -0.270265 0.23962 -0.330744
Input-Hidden 0.256625 0.0453748 0.278797 0.0147526 -0.395024
Input-Hidden -0.465728 -0.195785 0.0420221 -0.402718 -0.0633086
Input-Hidden -0.294941 -0.299468 0.264221 0.167479 0.526398
Input-Hidden 0.0161023 0.256445 -0.445698 -0.330545 -0.421015
Input-Hidden -0.424223 -0.221605 -0.150239 0.234609 -0.194673
Input-Hidden -0.320056 -0.434528 0.0575991 -0.0119326 -0.289258
Input-Hidden -0.12619 0.0479227 0.187507 0.197008 -0.351528
Input-Hidden -0.177661 0.169497 -0.326127 0.250452 0.262968
Input-Hidden 0.2523 -0.4353 0.0558101 0.0316472 0.12035
Input-Hidden 0.234765 -0.392841 0.14343 0.191213 -0.300601
Input-Hidden -0.252498 0.41927 -0.337911 0.0616198 0.47587
Input-Hidden -0.175733 0.0263191 -0.0613159 -0.314214 0.497666
Input-Hidden -0.231654 0.41321 -0.04727 0.486089 -0.0768743
Input-Hidden 0.154125 -0.345815 -0.0163792 -0.140846 0.0653692
Input-Hidden 0.00748393 -0.303746 0.281843 0.355643 0.329225
Input-Hidden 0.246391 -0.0914749 -0.389323 -0.216861 0.348555
Input-Hidden -0.0616097 -0.17157 -0.455316 0.414857 -0.110992
Input-Hidden 0.0511965 -0.204056 -0.388951 0.0905872 -0.203652
Input-Hidden 0.475951 -0.218109 0.30517 0.106389 0.340988
Input-Hidden -0.154928 -0.32773 -0.163863 -0.246075 0.0317815
Input-Hidden -0.434173 -0.0346609 0.142906 0.455201 0.0668704
Input-Hidden -0.382615 -0.501702 -0.091624 0.385271 0.230126
Input-Hidden -0.342947 -0.318095 -0.138915 0.20429 0.4854
Input-Hidden -0.491646 0.33998 0.317728 -0.404321 0.418185
Input-Hidden -0.25244 -0.0707983 -0.257448 -0.0926949 -0.107903
Input-Hidden 0.31952 0.450752 -0.284184 0.0871911 0.28604
Input-Hidden 0.408217 0.3767 -0.276296 0.290921 -0.373649
Input-Hidden 0.113977 -0.255281 -0.445384 0.308952 -0.165652
Input-Hidden 0.445979 0.193754 -0.388813 0.295212 -0.458549
Input-Hidden -0.431366 0.213788 -0.157058 -0.101161 -0.062053
Input-Hidden 0.0445939 -0.321736 -0.15607 0.154909 -0.291446
Input-Hidden -0.430847 0.202225 0.00177153 -0.253187 0.418088
Input-Hidden -0.439061 0.145852 0.420932 -0.0548944 0.448888
Input-Hidden 0.182581 -0.0415992 -0.0427483 -0.131025 0.399554
Input-Hidden 0.458852 -0.103438 -0.442851 0.355654 -0.0482422
Input-Hidden -0.304448 0.383288 -0.373227 -0.233187 -0.184675
Input-Hidden -0.205066 0.221158 0.126423 -0.444863 0.327407
Input-Hidden 0.0381398 -0.24442 -0.276068 -0.398864 -0.384595
Input-Hidden 0.293337 -0.243344 -0.395156 0.253537 -0.0133785
Input-Hidden -0.444585 0.161832 0.263966 -0.31573 -0.0258361
Input-Hidden -0.219495 0.133301 0.00658559 0.159608 -0.12888
Input-Hidden -0.273604 -0.414627 0.11616 -0.0350955 0.108214
Input-Hidden 0.360304 -0.240364 -0.147536 0.0218937 -0.25698
Input-Hidden -0.2076 -0.0553153 0.098272 -0.420176 -0.427572
Input-Hidden -0.114734 -0.207718 -0.0468371 0.400812 -0.217508
Input-Hidden 0.195734 0.436977 0.261716 0.0516187 -0.443719
Input-Hidden 0.0186891 -0.263159 -0.124702 -0.196262 0.304561
Input-Hidden -0.130043 -0.118564 -0.223136 0.385756 0.47661
Input-Hidden -0.164202 -0.434025 -0.454268 0.442629 0.422462
Input-Hidden -0.444301 0.444612 -0.144863 -0.210751 -0.236879
Input-Hidden 0.181739 0.399014 0.386688 -0.148637 0.422055
Input-Hidden -0.463577 -0.317076 0.471741 0.49408 0.260063
Input-Hidden -0.309455 0.441759 -0.109415 -0.449041 -0.357342
Input-Hidden 0.244274 -0.0409507 0.352531 -0.220828 0.424658
Input-Hidden -0.128198 0.289427 -0.435031 0.470899 0.136897
Input-Hidden -0.378639 0.350871 0.437631 -0.355253 -0.172981
Input-Hidden -0.196968 0.361922 -0.194084 -0.347266 0.0154613
Input-Hidden 0.369734 0.199827 0.0279642 -0.13064 -0.47321
Input-Hidden 0.104644 0.0293139 0.208305 -0.233255 0.136789
Input-Hidden 0.31055 -0.433188 0.234564 -0.104325 0.172361
Input-Hidden 0.188077 -0.0221857 0.405642 -0.199881 -0.180341
Input-Hidden 0.208859 0.258191 0.204551 0.0766234 -0.26376
Input-Hidden -0.493245 0.441017 -0.0557876 0.117395 0.0153577
Input-Hidden -0.0544134 0.185699 0.304425 0.474222 0.402902
Input-Hidden 0.0209316 -0.284019 -0.510169 -0.0407327 0.253733
Input-Hidden -0.220264 0.281355 -0.433031 0.162377 0.453416
Input-Hidden 0.306215 0.0555556 0.272517 0.131799 0.123719
Input-Hidden -0.122999 0.196302 0.0595681 0.262657 0.35639
Input-Hidden -0.453253 -0.227308 -0.0377106 0.108225 0.330148
Input-Hidden 0.200826 -0.356117 0.0327613 -0.183948 0.100974
Input-Hidden 0.302419 -0.0383597 -0.231953 0.234615 0.137546
Input-Hidden -0.164101 0.154012 0.0585593 -0.326665 -0.519736
Input-Hidden 0.0114009 -0.448166 -0.40231 -0.202529 -0.342136
Input-Hidden 0.0301318 -0.114624 -0.017432 0.43201 0.158219
Input-Hidden -0.143896 0.27529 0.159849 -0.49437 -0.316962
Input-Hidden -0.080041 -0.0720496 -0.413197 -0.211075 -0.213064
Input-Hidden 0.432723 -0.386699 0.401122 0.453703 -0.209532
Input-Hidden 0.274766 0.0474208 0.375804 -0.466119 -0.266012
Input-Hidden 0.455811 0.278343 -0.387198 -0.015338 -0.382406
Input-Hidden 0.442812 -0.0870635 0.100126 0.448517 0.344983
Input-Hidden 0.248702 -0.170624 -0.115136 0.432487 -0.03659
Input-Hidden 0.156191 0.408999 -0.478303 -0.0877726 0.28116
Input-Hidden -0.149064 -0.501233 -0.0242461 0.00448734 0.441592
Input-Hidden 0.388403 -0.0256406 -0.141286 0.0862843 -0.28328
Input-Hidden -0.337155 0.167867 0.480837 0.140432 -0.304835
Input-Hidden 0.163653 0.299745 0.0688413 0.482455 0.374138
Input-Hidden 0.26933 -0.169302 0.304393 -0.142347 -0.366901
Input-Hidden 0.398347 -0.434802 0.304985 0.203738 0.30459
Input-Hidden 0.419987 0.182663 0.463268 0.180519 -0.00689981
Input-Hidden -0.0468769 -0.262139 -0.0559683 -0.102546 -0.0651489
Input-Hidden -0.262541 -0.151869 0.367062 0.27023 0.439197
Input-Hidden 0.446383 -0.22995 0.370717 0.0353656 0.0141311
Input-Hidden -0.183361 0.105431 -0.465166 -0.112284 0.4076
Input-Hidden 0.265298 -0.315044 -0.180424 -0.0684389 0.0629349
Input-Hidden 0.240516 0.418496 -0.487592 0.00225983 -0.442146
Input-Hidden 0.336433 -0.307243 0.39155 0.478573 -0.0918265
Input-Hidden 0.45951 0.473382 -0.475094 0.253663 -0.0364373
Input-Hidden 0.340628 -0.142287 -0.109076 -0.336229 -0.163514
Input-Hidden 0.421883 -0.128889 -0.382715 0.11869 0.323706
Input-Hidden -0.286907 -0.496451 -0.260739 -0.236883 -0.362442
Input-Hidden -0.254961 -0.0845611 0.266924 0.432686 0.426163
Input-Hidden 0.499407 -0.508089 0.41968 -0.467917 -0.208197
Input-Hidden -0.380508 -0.183541 0.407525 0.140735 -0.563519
Input-Hidden 0.343146 0.286345 -0.109015 -0.045258 0.121121
Input-Hidden 0.0517963 -0.247766 0.191471 0.168164 0.377757
Input-Hidden 0.544004 -0.495131 -0.0536901 0.317976 0.15259
Input-Hidden -0.0262409 -0.0719085 -0.0618658 -0.244749 -0.00924428
Input-Hidden -0.236606 -0.507161 0.0116204 -0.255955 0.198167
Input-Hidden -0.256467 0.159133 -0.352473 -0.165435 -0.39037
Input-Hidden -0.28624 -0.203295 -0.433144 -0.158256 0.128799
Input-Hidden -0.213228 0.314246 -0.494154 0.122285 -0.362649
Input-Hidden -0.265905 -0.0215778 -0.215754 -0.359157 0.208711
Input-Hidden -0.239668 0.0588164 -0.506162 -0.099603 0.378426
Input-Hidden -0.150206 -0.111125 0.229055 -0.0923911 0.276726
Input-Hidden 0.0859369 -0.442439 -0.182936 -0.356245 0.28872
Input-Hidden -0.309537 0.0665178 -0.407427 0.0279976 -0.0851258
Input-Hidden 0.492987 -0.482427 -0.0205752 0.324109 -0.0111915
Input-Hidden -0.0956396 0.17008 0.336068 -0.103395 -0.0740794
Input-Hidden 0.123611 -0.423108 -0.404055 0.0891759 0.188392
Input-Hidden -0.124894 0.135447 -0.279782 0.143706 -0.298387
Input-Hidden -0.055056 -0.437437 0.452616 -0.463647 0.107375
Input-Hidden -0.0918032 -0.290839 -0.282555 -0.372809 0.440924
Input-Hidden -0.104339 0.202947 -0.457592 -0.0117857 0.312375
Input-Hidden -0.412007 0.207777 -0.223497 -0.449911 0.255649
Input-Hidden 0.0642055 0.369117 -0.00436347 -0.14931 -0.0600727
Input-Hidden -0.356912 -0.221009 0.253257 0.0332054 -0.319129
Input-Hidden -0.281752 0.314249 -0.19414 0.265222 0.39797
Input-Hidden 0.291798 0.298058 -0.109044 0.0579688 0.182476
Input-Hidden 0.252424 -0.401624 0.320998 -0.372138 0.182308
Input-Hidden -0.192651 0.0821494 0.106714 0.0905654 -0.34301
Input-Hidden -0.236972 -0.313944 -0.174175 -0.152778 0.330306
Input-Hidden 0.471727 -0.37101 -0.0485497 -0.353201 -0.145081
Input-Hidden 0.298087 0.0451478 0.219623 0.229122 0.0141234
Input-Hidden -0.453717 0.464465 -0.00513581 -0.288276 0.233197
Input-Hidden 0.0964947 -0.248642 -0.199015 0.42385 -0.168199
Input-Hidden 0.392541 -0.203563 -0.497185 -0.468865 -0.149768
Input-Hidden 0.478575 0.165212 -0.100383 0.117358 0.380738
Input-Hidden -0.421187 -0.229089 0.333033 -0.179969 0.409156
Input-Hidden 0.234201 0.395423 -0.448477 -0.100155 0.375671
Input-Hidden 0.0133909 -0.195849 0.387035 -0.346789 0.311307
Input-Hidden 0.125913 -0.277994 0.327306 -0.0847905 0.417822
Input-Hidden 0.146249 -0.106291 -0.26729 -0.436147 0.357775
Input-Hidden 0.583285 0.198869 0.0855734 -0.104515 -0.265631
Input-Hidden 0.0893347 0.207267 -0.0776472 -0.0691236 0.409507
Input-Hidden 0.483005 0.151022 0.0673195 -0.00578868 0.300256
Input-Hidden 0.505672 0.452827 -0.273891 -0.231565 -0.0485917
Input-Hidden 0.196758 -0.186908 -0.34604 -0.240064 0.240002
Input-Hidden -0.234089 0.112473 -0.347213 -0.409147 0.408694
Input-Hidden 0.0249436 -0.105281 -0.303566 0.378737 0.0628806
Input-Hidden 0.356082 0.0445762 0.0954269 -0.49628 0.0728223
Input-Hidden 0.0752501 -0.0781643 0.481027 0.303195 0.3789
Input-Hidden -0.281964 0.2742 0.383022 -0.381112 -0.463933
Input-Hidden 0.272902 0.112582 0.300095 0.411919 0.376202
Input-Hidden 0.0145779 0.102245 -0.219217 0.0405773 0.167464
Input-Hidden 0.0349751 0.0230724 0.130989 0.00342828 -0.393631
Input-Hidden 0.0778087 0.219113 -0.332797 0.0290857 0.24556
Input-Hidden -0.187546 0.43589 0.053394 0.115047 0.116615
Input-Hidden -0.196641 -0.44704 -0.273018 -0.0337863 -0.130611
Input-Hidden -0.261363 -0.0255259 -0.371271 -0.242751 -0.0149509
Input-Hidden 0.00556605 -0.411139 0.354267 -0.189694 -0.444948
Input-Hidden 0.280743 -0.362431 0.468462 -0.424416 -0.358413
Input-Hidden 0.0612884 -0.408201 -0.453967 -0.296775 0.295542
Input-Hidden 0.0660346 -0.460916 0.170524 -0.228211 -0.103009
Input-Hidden -0.363499 -0.543523 0.396265 0.09106 -0.439972
Input-Hidden 0.270155 0.393197 0.294085 0.339028 -0.560235
Input-Hidden -0.376534 0.267812 -0.487616 0.308427 -0.507818
Input-Hidden 0.107646 0.14193 -0.251087 -0.0984892 -0.150995
Input-Hidden 0.0295647 -0.167939 -0.45147 -0.291687 0.044414
Input-Hidden 0.473688 -0.450225 -0.353513 0.199261 0.358087
Hidden-Output 1.83059
Hidden-Output -1.42748
Hidden-Output -0.160778
Hidden-Output -0.725599
Hidden-Output -1.48756
Hidden Biases 0.825295
Hidden Biases -0.735973
Hidden Biases 0.239029
Hidden Biases -0.263192
Hidden Biases -1.39147
Output Biases -2.02329
