ApplyInputSize 1601
ApplyHiddenSize 3
ApplyOutputSize 1
ApplyLearningRate 0.3
Input-Hidden 3.89785 -0.282554 0.0924371
Input-Hidden 3.8899 -0.350943 -0.527251
Input-Hidden 1.01205 -0.515285 -0.188312
Input-Hidden 1.27073 0.0113106 0.00432625
Input-Hidden 1.68447 -0.279852 -0.260469
Input-Hidden 0.76204 -0.0448007 -0.606703
Input-Hidden 0.434368 -0.56069 -0.263182
Input-Hidden 0.996419 -0.101176 -0.457765
Input-Hidden 0.876712 -0.32398 -0.218733
Input-Hidden 0.821731 -0.128523 -0.271437
Input-Hidden 1.26404 0.22211 -0.531403
Input-Hidden 1.51893 -0.244225 0.298717
Input-Hidden 1.1813 -0.33027 0.0431294
Input-Hidden 1.21908 -0.567632 0.283875
Input-Hidden 0.296831 -0.025596 0.241218
Input-Hidden 0.880794 -0.545741 0.223639
Input-Hidden 0.637549 0.0182753 0.232142
Input-Hidden 1.02223 -0.226372 -0.321081
Input-Hidden 0.995543 -0.549488 -0.155506
Input-Hidden -0.00734162 0.302867 -0.323291
Input-Hidden 0.307661 -0.13695 0.264713
Input-Hidden 0.530327 -0.12785 -0.240677
Input-Hidden 0.32703 -0.011516 0.101454
Input-Hidden 0.799742 0.385972 -0.559478
Input-Hidden 1.1036 -0.300121 0.292662
Input-Hidden 0.910173 -0.249585 0.325844
Input-Hidden 0.695522 0.27547 -0.0344425
Input-Hidden 1.04042 -0.372698 0.299712
Input-Hidden 0.0494501 0.269676 0.341495
Input-Hidden 1.18578 -0.0691061 -0.599763
Input-Hidden 0.980815 -0.205601 -0.47106
Input-Hidden 1.18615 -0.0808634 -0.46102
Input-Hidden 1.25327 -0.0121033 0.29746
Input-Hidden 1.31916 -0.276022 0.142891
Input-Hidden 0.558754 0.269823 -0.00503406
Input-Hidden 0.589351 -0.00517714 0.303901
Input-Hidden 1.12298 -0.472843 -0.278269
Input-Hidden 0.755546 0.35834 -0.384558
Input-Hidden 0.709295 0.0212443 0.242489
Input-Hidden 1.03364 0.240143 0.0205291
Input-Hidden 0.525324 -0.423796 -0.164139
Input-Hidden 1.0969 0.28733 -0.469746
Input-Hidden 0.479861 0.403622 -0.457369
Input-Hidden 0.250906 0.13818 -0.21412
Input-Hidden 0.337975 0.408403 0.195056
Input-Hidden 0.626956 -0.237331 -0.487742
Input-Hidden 0.588707 0.405079 -0.582507
Input-Hidden 0.2802 -0.318247 0.155963
Input-Hidden 1.08031 0.356316 -0.407281
Input-Hidden 0.277888 0.0475646 0.137638
Input-Hidden 0.447047 -0.458641 0.141923
Input-Hidden 0.145623 0.352907 0.0855938
Input-Hidden 0.00935996 -0.1834 -0.355596
Input-Hidden 0.263992 0.383806 0.250198
Input-Hidden 0.318608 0.0470017 -0.310351
Input-Hidden 0.301163 -0.0675806 0.272866
Input-Hidden 0.485292 -0.236017 0.314686
Input-Hidden -0.167788 -0.0275838 -0.43331
Input-Hidden -0.101462 -0.419233 -0.147413
Input-Hidden 0.645283 -0.135351 -0.0168325
Input-Hidden 0.302192 -0.492109 0.170268
Input-Hidden -0.219968 0.125245 0.279732
Input-Hidden -0.257962 0.396818 0.268847
Input-Hidden -0.203918 0.413227 -0.433471
Input-Hidden -0.0942305 -0.269737 -0.27259
Input-Hidden -0.245674 -0.0467535 -0.197102
Input-Hidden -0.479789 0.230425 -0.0226873
Input-Hidden 0.0821028 0.2449 0.368572
Input-Hidden 0.223813 0.338236 0.1123
Input-Hidden 0.178994 -0.409002 -0.0137815
Input-Hidden -0.36291 -0.184647 0.293951
Input-Hidden -0.422036 -0.219773 -0.297041
Input-Hidden 0.365346 0.323835 -0.108692
Input-Hidden 0.216748 0.428459 0.276073
Input-Hidden 0.201915 0.361417 -0.152218
Input-Hidden 0.215389 -0.0535348 -0.506915
Input-Hidden -0.129884 0.190731 0.306556
Input-Hidden -0.546826 0.319585 0.055097
Input-Hidden -0.0204925 -0.225664 0.15939
Input-Hidden 0.25055 -0.453285 -0.0909772
Input-Hidden 0.0431033 -0.0302671 0.399087
Input-Hidden -0.180245 0.197225 -0.468331
Input-Hidden -0.288346 0.0623304 -0.115564
Input-Hidden -0.0949782 0.0296784 0.0350238
Input-Hidden -0.292536 -0.453121 -0.470455
Input-Hidden -0.44888 0.137815 -0.493471
Input-Hidden -0.558626 -0.317467 0.0935282
Input-Hidden -0.536058 -0.184186 -0.276925
Input-Hidden -0.240308 0.289501 -0.160976
Input-Hidden -0.680048 0.285697 -0.505145
Input-Hidden -0.641595 0.242115 -0.400735
Input-Hidden -0.165958 -0.0641459 -0.409825
Input-Hidden -0.583201 -0.380466 -0.0805511
Input-Hidden 0.130896 -0.393945 0.246778
Input-Hidden -0.393429 0.33091 -0.220807
Input-Hidden 0.242667 0.164508 0.411838
Input-Hidden -0.329223 -0.402028 0.369386
Input-Hidden 0.132967 -0.0124146 0.41203
Input-Hidden -0.328729 -0.0976521 -0.13467
Input-Hidden -0.120322 0.430713 -0.105321
Input-Hidden -0.716883 0.163384 -0.375458
Input-Hidden 0.0962167 -0.388054 0.320655
Input-Hidden 0.033382 -0.0236905 0.178393
Input-Hidden -0.601332 -0.363361 -0.0223426
Input-Hidden 0.279702 0.0176471 0.412771
Input-Hidden -0.457115 0.0444315 0.434551
Input-Hidden -0.317327 0.0435329 0.24909
Input-Hidden -0.461609 -0.318121 -0.316125
Input-Hidden -0.27569 -0.107557 -0.442168
Input-Hidden -0.305222 0.0939896 -0.239571
Input-Hidden 0.0830845 0.0301956 0.369552
Input-Hidden -0.155972 -0.134294 -0.223973
Input-Hidden -0.128395 0.174001 0.395823
Input-Hidden -0.722317 -0.141938 -0.345824
Input-Hidden -0.394464 0.133883 0.425464
Input-Hidden -0.511029 0.410494 0.0666874
Input-Hidden -0.716356 -0.482667 0.254999
Input-Hidden 0.131821 -0.129097 0.0703371
Input-Hidden 0.303127 0.387368 -0.386055
Input-Hidden -0.282105 0.311823 -0.219487
Input-Hidden -0.644554 -0.411281 -0.254662
Input-Hidden 0.165752 -0.0383279 0.0515176
Input-Hidden 0.0232166 0.289425 -0.158577
Input-Hidden 0.00516247 0.220802 -0.327975
Input-Hidden -0.00834801 0.421751 -0.134475
Input-Hidden -0.76043 -0.383674 0.327317
Input-Hidden -0.780371 0.369163 -0.50338
Input-Hidden -0.271238 -0.365931 -0.525022
Input-Hidden -0.215915 -0.368512 -0.0733507
Input-Hidden -0.328292 -0.498418 -0.19221
Input-Hidden -0.72239 0.00701216 0.368623
Input-Hidden -0.566523 0.0300116 0.302923
Input-Hidden -0.455814 -0.0628744 0.285646
Input-Hidden -0.515521 -0.0641707 -0.0885685
Input-Hidden 0.125418 0.318339 0.232187
Input-Hidden -0.445912 0.212743 0.405085
Input-Hidden -0.307137 0.155847 -0.331941
Input-Hidden -0.551759 -0.0856186 0.409963
Input-Hidden -0.215492 -0.436399 0.185387
Input-Hidden -0.00953309 -0.37593 0.28649
Input-Hidden 0.0363331 0.287279 0.411702
Input-Hidden -0.268792 -0.407183 -0.122123
Input-Hidden -0.198789 -0.229982 0.0183929
Input-Hidden -0.868715 -0.266861 0.240832
Input-Hidden -0.197001 -0.300688 0.179687
Input-Hidden -0.264694 -0.308962 0.279171
Input-Hidden -0.691757 0.0312039 -0.275314
Input-Hidden -0.468893 0.342339 0.410098
Input-Hidden -0.537637 0.108069 -0.51599
Input-Hidden -0.476028 -0.148479 -0.0835502
Input-Hidden -0.274426 0.295156 -0.398754
Input-Hidden -0.156759 -0.0507729 -0.423274
Input-Hidden -0.351456 0.356067 -0.326449
Input-Hidden -1.22332 0.296641 0.103887
Input-Hidden -1.00637 -0.0877654 -0.222701
Input-Hidden -0.88735 -0.107683 -0.496571
Input-Hidden -1.07139 -0.365594 -0.383424
Input-Hidden -0.772467 -0.0747966 -0.0383723
Input-Hidden -0.712038 -0.0608956 -0.0972991
Input-Hidden -1.28211 -0.444743 0.325087
Input-Hidden -1.32477 0.247334 -0.136409
Input-Hidden -0.761931 0.156102 -0.322606
Input-Hidden -0.979479 0.380091 -0.334062
Input-Hidden -1.02438 0.274025 -0.367539
Input-Hidden -1.08826 -0.52019 0.397809
Input-Hidden -0.952379 -0.417747 0.428923
Input-Hidden -0.603873 0.307178 -0.179283
Input-Hidden -0.778401 0.187832 -0.278052
Input-Hidden -1.11507 -0.35182 -0.296235
Input-Hidden -0.914794 -0.136546 -0.452688
Input-Hidden -1.09286 0.19477 -0.372523
Input-Hidden -0.919048 -0.169141 -0.103847
Input-Hidden -0.333436 0.0427297 -0.400943
Input-Hidden -0.510637 -0.147688 0.0584618
Input-Hidden -0.802604 0.255596 0.120648
Input-Hidden -0.945994 -0.473111 -0.0460383
Input-Hidden -0.979879 -0.320515 0.132175
Input-Hidden -0.696649 0.41256 0.108391
Input-Hidden -0.728459 0.200066 0.266905
Input-Hidden -0.901374 0.462284 -0.0535203
Input-Hidden -0.699374 -0.407085 0.151783
Input-Hidden -0.305964 -0.12776 0.421278
Input-Hidden -0.752004 0.207673 0.433321
Input-Hidden -0.680784 -0.440843 0.416108
Input-Hidden -0.410244 -0.291087 0.0626338
Input-Hidden -0.756088 -0.370133 0.420107
Input-Hidden -0.72727 0.466251 0.14074
Input-Hidden -0.888027 -0.0935495 -0.00633431
Input-Hidden -0.238941 -0.104773 0.0448104
Input-Hidden -0.274403 -0.159171 -0.00502723
Input-Hidden -0.546181 0.125476 -0.512274
Input-Hidden 0.0616579 -0.0544338 -0.362144
Input-Hidden -0.508439 0.289492 0.415219
Input-Hidden -0.697453 -0.323602 -0.371412
Input-Hidden -0.466311 0.0378528 -0.530076
Input-Hidden 0.105578 0.178143 -0.457786
Input-Hidden -0.164551 -0.487429 -0.529852
Input-Hidden 0.251299 0.119212 -0.0871042
Input-Hidden -0.177698 0.0693348 0.310333
Input-Hidden -0.4375 -0.475998 -0.233606
Input-Hidden -0.524185 -0.198021 0.31099
Input-Hidden 0.236374 -0.267611 0.0217841
Input-Hidden -0.339268 0.355187 0.0233566
Input-Hidden -0.351672 0.142344 -0.290629
Input-Hidden -0.0205591 -0.252887 0.104804
Input-Hidden -0.512997 0.443979 0.32221
Input-Hidden -0.0170054 0.389798 -0.357305
Input-Hidden 0.198854 -0.0977542 -0.339899
Input-Hidden -0.376067 -0.343741 0.36292
Input-Hidden -0.143631 -0.2626 -0.348461
Input-Hidden -0.0114341 0.211485 -0.008211
Input-Hidden -0.516876 0.173843 0.158577
Input-Hidden -0.039131 0.155688 0.440123
Input-Hidden -0.323214 0.25973 0.336465
Input-Hidden 0.201319 -0.429676 -0.498241
Input-Hidden -0.615944 0.240992 -0.259259
Input-Hidden 0.0177877 0.15617 0.114603
Input-Hidden -0.181533 0.316006 -0.340446
Input-Hidden -0.26179 0.440587 0.157031
Input-Hidden 0.229869 -0.0134689 -0.305804
Input-Hidden -0.468461 -0.273435 0.283647
Input-Hidden -0.193159 0.193672 -0.317404
Input-Hidden -0.608456 -0.332055 -0.191904
Input-Hidden -0.565234 0.107251 0.317941
Input-Hidden -0.0814917 -0.00413801 -0.369823
Input-Hidden 0.0212606 -0.195023 0.204621
Input-Hidden -0.626042 0.150636 0.0717807
Input-Hidden -0.126839 -0.445615 0.426025
Input-Hidden 0.208594 -0.315737 0.405391
Input-Hidden -0.399385 -0.360984 -0.118452
Input-Hidden 0.0900167 0.379201 0.143567
Input-Hidden -0.501125 0.461028 -0.412226
Input-Hidden -0.582439 0.340817 0.122416
Input-Hidden 0.244916 0.4032 -0.0105225
Input-Hidden -0.21239 -0.374868 0.424157
Input-Hidden -0.287111 0.181914 -0.346689
Input-Hidden -0.544078 -0.11458 0.251094
Input-Hidden -0.632283 0.462905 0.147008
Input-Hidden 0.0418007 -0.255383 -0.316685
Input-Hidden -0.207069 -0.205404 0.331736
Input-Hidden 0.248979 -0.436482 -0.197364
Input-Hidden 0.117884 0.424094 0.409262
Input-Hidden -0.493565 -0.188469 0.455044
Input-Hidden -0.495675 -0.331816 0.259041
Input-Hidden -0.0966211 -0.119362 -0.146925
Input-Hidden 0.102166 -0.127678 -0.13059
Input-Hidden 0.135943 -0.506748 0.254385
Input-Hidden 0.289358 0.375026 0.153243
Input-Hidden -0.402008 -0.374497 -0.169569
Input-Hidden 0.130189 -0.245135 0.411916
Input-Hidden 0.317242 -0.501283 -0.37956
Input-Hidden -0.143985 -0.353551 -0.181286
Input-Hidden 0.42737 -0.420008 -0.215137
Input-Hidden 0.19637 0.349647 -0.330213
Input-Hidden 0.218064 -0.0442785 0.398941
Input-Hidden -0.543773 -0.397037 0.324798
Input-Hidden 0.208094 0.0127056 0.297485
Input-Hidden 0.0756856 0.316871 -0.182866
Input-Hidden -0.370081 0.0328846 0.235277
Input-Hidden 0.395231 -0.0202119 0.270394
Input-Hidden 0.41951 -0.470469 0.305075
Input-Hidden 0.0970734 -0.241067 0.193574
Input-Hidden -0.0594587 -0.33105 -0.256093
Input-Hidden 0.022399 -0.478192 0.347938
Input-Hidden -0.318232 0.381134 -0.506312
Input-Hidden -0.433341 -0.223967 0.459461
Input-Hidden -0.254274 -0.260859 0.353752
Input-Hidden 0.115265 0.349344 0.255656
Input-Hidden 0.0710934 -0.149399 -0.40418
Input-Hidden -0.206557 -0.456154 0.390206
Input-Hidden 0.229774 -0.454175 0.309356
Input-Hidden 0.143909 0.429347 0.0641274
Input-Hidden 0.124612 -0.235811 0.161962
Input-Hidden -0.428662 0.273075 -0.229503
Input-Hidden 0.426203 -0.0929062 -0.290886
Input-Hidden -0.397315 -0.0732597 0.0784874
Input-Hidden -0.10796 -0.230124 0.151168
Input-Hidden -0.0330055 0.100596 -0.407613
Input-Hidden 0.527248 -0.26067 0.146724
Input-Hidden 0.457888 -0.368626 0.429175
Input-Hidden 0.17457 0.438281 -0.0287376
Input-Hidden -0.102782 0.362288 0.143664
Input-Hidden 0.508344 0.454595 -0.14935
Input-Hidden -0.167214 0.181528 0.256775
Input-Hidden -0.357613 -0.204247 0.245697
Input-Hidden -0.462974 0.208113 0.0369898
Input-Hidden -0.420532 0.0506473 -0.105966
Input-Hidden -0.127091 0.306946 -0.11441
Input-Hidden 0.346497 0.39542 0.0250247
Input-Hidden -0.403329 0.0163039 -0.202752
Input-Hidden -0.120758 0.163812 0.286478
Input-Hidden 0.338934 -0.186193 -0.266906
Input-Hidden 0.269475 -0.504568 -0.429308
Input-Hidden 0.388109 -0.369855 0.127234
Input-Hidden 0.0188272 0.0310473 -0.397578
Input-Hidden 0.174697 -0.485214 0.408187
Input-Hidden -0.265392 0.459569 -0.402039
Input-Hidden -0.0483296 -0.206414 0.362085
Input-Hidden -0.0614728 -0.40895 -0.0977316
Input-Hidden 0.0250012 -0.168723 -0.275134
Input-Hidden 0.529142 -0.0566869 -0.00402103
Input-Hidden 0.601101 -0.15397 0.30701
Input-Hidden 0.0846127 -0.330135 -0.368734
Input-Hidden 0.124847 0.299941 0.098293
Input-Hidden -0.161245 0.00933605 -0.0814339
Input-Hidden 0.107284 0.0995537 0.00623248
Input-Hidden -0.140987 -0.451717 0.341908
Input-Hidden 0.441675 -0.308732 0.093425
Input-Hidden -0.16347 -0.281323 0.379753
Input-Hidden 0.459217 -0.142446 -0.506696
Input-Hidden -0.0130285 -0.279727 -0.333676
Input-Hidden 0.0833958 -0.0540944 0.457042
Input-Hidden 0.361991 0.326609 0.0820726
Input-Hidden -0.197613 -0.403108 0.24269
Input-Hidden -0.419983 0.276275 -0.323854
Input-Hidden 0.255454 -0.3386 -0.475415
Input-Hidden 0.16793 -0.370973 -0.330721
Input-Hidden 0.510997 0.192316 0.239626
Input-Hidden -0.296409 -0.346979 -0.107773
Input-Hidden 0.547478 0.354712 0.306426
Input-Hidden 0.242152 -0.394867 0.177703
Input-Hidden 0.0385094 -0.253987 0.390517
Input-Hidden 0.181451 0.178768 0.0751885
Input-Hidden -0.248939 0.209468 0.147843
Input-Hidden 0.167054 -0.0562824 -0.0959966
Input-Hidden -0.217338 -0.0504239 0.398834
Input-Hidden 0.139345 0.214756 0.226047
Input-Hidden 0.290279 -0.474325 0.247508
Input-Hidden -0.202394 -0.488469 0.373401
Input-Hidden 0.579064 0.429915 -0.455291
Input-Hidden 0.0363255 0.22271 -0.343712
Input-Hidden 0.572381 -0.413855 -0.103369
Input-Hidden 0.188096 0.368762 -0.430218
Input-Hidden 0.253572 0.0648882 -0.426936
Input-Hidden -0.27155 -0.348437 -0.219905
Input-Hidden 0.532431 0.186613 -0.169999
Input-Hidden 0.243585 0.455407 0.306897
Input-Hidden -0.0558992 -0.244277 0.296677
Input-Hidden 0.677017 -0.0554369 0.446072
Input-Hidden 0.645447 -0.497078 0.44709
Input-Hidden 0.533063 -0.460956 -0.131429
Input-Hidden 0.58895 -0.39769 -0.025199
Input-Hidden 0.0213445 -0.482501 0.345951
Input-Hidden 0.404254 -0.448837 0.325626
Input-Hidden -0.00149788 0.436167 -0.485751
Input-Hidden -0.0606127 -0.0544599 0.0104391
Input-Hidden -0.194997 0.0862014 -0.525117
Input-Hidden 0.110943 -0.0569381 -0.194739
Input-Hidden 0.570989 0.234568 0.319481
Input-Hidden 0.173297 0.261354 0.15146
Input-Hidden -0.112015 0.126569 0.0586773
Input-Hidden 0.4681 0.164371 0.0728497
Input-Hidden 0.173895 -0.49773 -0.0950916
Input-Hidden -0.137906 0.369609 -0.259237
Input-Hidden -0.0280071 -0.132607 -0.00705608
Input-Hidden 0.534001 0.0858406 -0.521505
Input-Hidden 0.489253 0.128546 0.271842
Input-Hidden 0.490245 -0.0717156 0.111245
Input-Hidden -0.0557281 -0.377165 0.166479
Input-Hidden 0.694835 -0.0825289 -0.481783
Input-Hidden -0.0268223 -0.12217 -0.454992
Input-Hidden 0.0146619 -0.314405 -0.241425
Input-Hidden 0.455667 -0.154387 -0.219665
Input-Hidden 0.0833858 0.366525 0.308156
Input-Hidden 0.253362 0.237379 -0.255861
Input-Hidden 0.372074 0.423293 0.265484
Input-Hidden 0.501914 -0.311791 -0.0529536
Input-Hidden 0.388564 0.158981 -0.1529
Input-Hidden 0.272673 -0.31532 0.409925
Input-Hidden 0.592933 0.131711 -0.239015
Input-Hidden 0.0436843 0.468647 -0.309728
Input-Hidden -0.136398 -0.318513 -0.0378676
Input-Hidden -0.0604658 -0.0567571 0.233641
Input-Hidden 0.389937 0.316156 -0.151206
Input-Hidden 0.0846426 -0.134209 -0.249929
Input-Hidden 0.597267 -0.0438227 0.261641
Input-Hidden 0.14938 0.307806 0.357352
Input-Hidden -0.152243 -0.073665 -0.362776
Input-Hidden 0.126152 0.173928 0.15325
Input-Hidden 0.0531165 -0.332115 -0.0480141
Input-Hidden 0.754242 -0.316403 -0.247721
Input-Hidden 0.540318 -0.0929446 0.0521415
Input-Hidden 0.738789 -0.504721 0.0815705
Input-Hidden 0.0759342 0.442585 -0.17894
Input-Hidden -0.0106369 0.362847 0.135665
Input-Hidden -0.142025 -0.213153 -0.119541
Input-Hidden 0.767876 0.169364 -0.0746983
Input-Hidden 0.534222 0.145957 0.340241
Input-Hidden 0.681797 0.21576 -0.089994
Input-Hidden 0.260487 0.313019 -0.246307
Input-Hidden 0.153297 0.312554 -0.0190841
Input-Hidden 0.0936417 0.339849 0.0202234
Input-Hidden 0.395308 0.306233 -0.393509
Input-Hidden 0.428945 -0.411714 -0.36439
Input-Hidden -0.14735 -0.182857 -0.067767
Input-Hidden 0.270582 -0.300714 0.119184
Input-Hidden -0.108214 -0.431331 0.206368
Input-Hidden 0.464303 -0.32344 -0.132197
Input-Hidden 0.746003 -0.376512 0.33373
Input-Hidden 0.728159 -0.445604 -0.144281
Input-Hidden 0.315783 -0.336656 0.0329772
Input-Hidden 0.112256 0.139778 0.393059
Input-Hidden 0.449661 -0.357255 0.248677
Input-Hidden 0.200518 0.318707 0.082946
Input-Hidden 0.444378 -0.449491 0.355279
Input-Hidden 0.581836 -0.49356 0.30948
Input-Hidden 0.2407 0.143006 0.448719
Input-Hidden 0.45948 -0.0532604 -0.353422
Input-Hidden 0.166117 -0.10162 -0.470439
Input-Hidden 0.225357 0.0864415 0.230148
Input-Hidden 0.0191893 -0.0263123 0.147731
Input-Hidden -0.255973 0.245394 0.448702
Input-Hidden -0.00785881 -0.0564077 -0.191665
Input-Hidden -0.212366 0.151982 -0.363187
Input-Hidden 0.111801 0.435712 -0.305386
Input-Hidden -0.0747488 0.174779 0.372444
Input-Hidden -0.190268 -0.132781 -0.395711
Input-Hidden -0.279414 -0.0642202 -0.211658
Input-Hidden 0.294465 0.196602 0.338315
Input-Hidden 0.131661 -0.110658 0.0511091
Input-Hidden -0.261826 0.286522 0.375717
Input-Hidden 0.327587 0.384543 0.254237
Input-Hidden 0.168888 0.00209154 0.285229
Input-Hidden 0.658984 -0.276034 -0.275767
Input-Hidden -0.0640566 -0.0461164 -0.145854
Input-Hidden -0.216567 0.209386 -0.245379
Input-Hidden 0.418792 -0.347397 0.313591
Input-Hidden 0.259554 -0.113358 0.150387
Input-Hidden 0.446568 0.288117 -0.054792
Input-Hidden 0.468585 0.111039 0.263668
Input-Hidden 0.456579 -0.0348776 0.17055
Input-Hidden 0.598135 0.00105556 -0.264384
Input-Hidden -0.24725 -0.221382 -0.219377
Input-Hidden -0.231324 -0.271716 0.0967127
Input-Hidden 0.19199 0.144748 -0.183032
Input-Hidden 0.453369 0.289474 -0.0893483
Input-Hidden 0.571299 -0.116005 0.408236
Input-Hidden 0.61323 0.219259 -0.0215128
Input-Hidden 0.31305 0.395699 0.0700822
Input-Hidden -0.0645094 -0.412831 0.00911128
Input-Hidden 0.332949 -0.441989 -0.310187
Input-Hidden -0.063725 0.0043092 -0.198037
Input-Hidden 0.246185 0.0767148 0.415473
Input-Hidden 0.0160369 -0.120694 0.452517
Input-Hidden -0.307338 -0.106299 -0.397772
Input-Hidden 0.274996 -0.453172 -0.00883777
Input-Hidden 0.513464 0.280275 -0.36176
Input-Hidden -0.248873 -0.374112 -0.338795
Input-Hidden -0.199102 0.0996666 -0.206471
Input-Hidden -0.342856 -0.224659 0.318407
Input-Hidden -0.0104084 0.201006 0.19474
Input-Hidden 0.177934 -0.422928 -0.472698
Input-Hidden -0.356822 0.3115 0.452017
Input-Hidden -0.0268919 -0.0469134 -0.0765309
Input-Hidden 0.56944 0.0624874 -0.291522
Input-Hidden 0.00936678 0.282389 -0.247047
Input-Hidden -0.124212 0.383067 0.358682
Input-Hidden 0.529834 -0.35827 -0.429718
Input-Hidden 0.407847 0.027229 -0.335867
Input-Hidden 0.406921 0.0258014 -0.102186
Input-Hidden 0.123706 0.229637 0.212207
Input-Hidden 0.268214 -0.449724 -0.233696
Input-Hidden 0.573515 -0.127 -0.272999
Input-Hidden 0.020456 0.406081 -0.476156
Input-Hidden 0.0313246 -0.185787 0.040419
Input-Hidden -0.0232016 -0.123348 -0.306894
Input-Hidden -0.487363 -0.180419 -0.34453
Input-Hidden -0.296033 0.267118 0.244527
Input-Hidden -0.21882 0.382895 -0.154318
Input-Hidden -0.156262 0.0374572 -0.119741
Input-Hidden 0.0161295 0.328518 0.261656
Input-Hidden -0.331731 0.243972 0.0705926
Input-Hidden 0.218039 0.0607768 0.300306
Input-Hidden 0.376979 0.29153 0.255486
Input-Hidden -0.360287 0.235722 0.45315
Input-Hidden -0.0362194 -0.450229 -0.22982
Input-Hidden 0.143826 0.318974 -0.467398
Input-Hidden -0.261612 0.174767 -0.389219
Input-Hidden 0.0484016 0.0157656 -0.308598
Input-Hidden -0.295142 0.337532 -0.209567
Input-Hidden 0.142482 -0.453449 -0.0310879
Input-Hidden -0.43098 0.291772 0.21548
Input-Hidden 0.0643707 -0.402325 0.000580968
Input-Hidden -0.115152 0.258812 0.370051
Input-Hidden 0.285854 0.178222 0.243068
Input-Hidden -0.264596 0.357558 -0.521147
Input-Hidden 0.0295707 -0.480104 -0.0922812
Input-Hidden 0.061009 -0.500456 0.361
Input-Hidden 0.392569 -0.442728 -0.0574652
Input-Hidden -0.0920486 0.00820841 0.439433
Input-Hidden -0.403988 -0.236476 0.223461
Input-Hidden 0.155367 -0.0196243 -0.528991
Input-Hidden 0.411053 0.123882 -0.464871
Input-Hidden 0.0870315 0.335495 0.0494672
Input-Hidden -0.15336 0.15937 0.290974
Input-Hidden 0.0623948 -0.0528295 0.384403
Input-Hidden -0.327381 -0.0378316 -0.027403
Input-Hidden 0.154586 -0.410609 -0.101979
Input-Hidden 0.214085 -0.35158 -0.487035
Input-Hidden 0.188035 -0.318708 -0.512487
Input-Hidden -0.515908 0.383831 0.410672
Input-Hidden -0.0622088 0.0637951 0.448262
Input-Hidden -0.00185257 0.297468 -0.285419
Input-Hidden -0.131424 -0.463215 -0.339806
Input-Hidden 0.237718 -0.431156 -0.404823
Input-Hidden -0.327088 -0.403861 0.435626
Input-Hidden -0.328184 0.362844 0.307902
Input-Hidden 0.534077 0.0181561 -0.128024
Input-Hidden -0.181123 -0.0919376 0.273084
Input-Hidden -0.0408941 -0.344993 0.412864
Input-Hidden 0.184857 0.291093 -0.322913
Input-Hidden 0.435794 0.143651 0.0411364
Input-Hidden 0.175666 0.110947 0.208759
Input-Hidden 0.325159 -0.477786 0.183419
Input-Hidden -0.373481 -0.0387453 -0.201193
Input-Hidden 0.185655 -0.228845 -0.158841
Input-Hidden -0.0766845 -0.320273 0.124487
Input-Hidden 0.434967 0.472788 0.0626245
Input-Hidden 0.205125 0.0609517 -0.40514
Input-Hidden -0.208004 0.15722 -0.00785889
Input-Hidden 0.0640021 -0.1447 0.259354
Input-Hidden 0.133173 0.475645 -0.340458
Input-Hidden 0.138368 -0.143499 -0.184661
Input-Hidden -0.273555 0.410513 -0.306674
Input-Hidden -0.0999206 -0.381438 -0.252662
Input-Hidden 0.407892 0.353552 0.245768
Input-Hidden -0.301953 0.305382 0.212317
Input-Hidden 0.301619 0.101631 -0.315138
Input-Hidden 0.226613 -0.173883 -0.466247
Input-Hidden 0.292818 -0.0865492 0.344326
Input-Hidden 0.138431 -0.208569 -0.291247
Input-Hidden 0.231243 -0.243067 -0.272975
Input-Hidden 0.510109 0.123263 0.0887127
Input-Hidden -0.391705 -0.0663325 -0.499232
Input-Hidden 0.544199 0.309383 0.126148
Input-Hidden -0.0449261 0.380883 -0.217766
Input-Hidden 0.184599 -0.340192 -0.410998
Input-Hidden 0.596969 -0.420191 0.0447462
Input-Hidden 0.124399 -0.487169 -0.485099
Input-Hidden -0.23534 -0.175021 -0.127509
Input-Hidden 0.0598349 0.255348 -0.217204
Input-Hidden -0.373392 0.128153 -0.308005
Input-Hidden 0.339903 0.401349 0.425109
Input-Hidden -0.0351302 0.146517 -0.179307
Input-Hidden 0.137306 0.0909749 0.334201
Input-Hidden -0.158261 -0.48072 -0.203228
Input-Hidden 0.300311 0.0192148 0.154263
Input-Hidden -0.132445 -0.273898 -0.150993
Input-Hidden 0.292554 -0.485221 -0.243845
Input-Hidden 0.62111 -0.295963 0.213686
Input-Hidden -0.142308 0.0232435 -0.51954
Input-Hidden 0.350038 0.304361 0.22626
Input-Hidden 0.528892 0.0560816 -0.287233
Input-Hidden 0.335641 0.224729 0.399333
Input-Hidden -0.212434 0.438952 -0.25637
Input-Hidden -0.232547 -0.259471 -0.0104889
Input-Hidden -0.304251 0.259413 -0.0623569
Input-Hidden 0.449341 0.0143138 -0.14583
Input-Hidden 0.206324 0.438942 -0.161892
Input-Hidden 0.485007 -0.379724 -0.0812896
Input-Hidden -0.0506085 0.416629 0.456411
Input-Hidden -0.327368 -0.084016 -0.44679
Input-Hidden 0.123118 -0.454662 0.059349
Input-Hidden 0.541007 -0.498389 -0.293148
Input-Hidden -0.0695438 -0.236099 0.204305
Input-Hidden 0.56241 -0.179745 0.287618
Input-Hidden 0.352234 0.0366781 0.243567
Input-Hidden 0.0859757 -0.0250724 -0.382155
Input-Hidden -0.00897869 0.322391 0.0883356
Input-Hidden 0.17136 -0.0401028 -0.263642
Input-Hidden 0.249632 -0.085133 0.186815
Input-Hidden -0.193787 0.297861 -0.441826
Input-Hidden 0.0642909 -0.130034 0.318316
Input-Hidden -0.166052 0.273807 0.171953
Input-Hidden 0.260912 0.308813 -0.178781
Input-Hidden 0.398085 -0.253353 -0.273928
Input-Hidden 0.0179179 0.201556 -0.0197647
Input-Hidden 0.123935 0.367215 -0.46725
Input-Hidden -0.473318 -0.349459 0.161782
Input-Hidden 0.291463 -0.486386 -0.0479033
Input-Hidden 0.374177 0.282662 0.0593307
Input-Hidden 0.0447231 -0.0170083 -0.139375
Input-Hidden -0.0554898 0.407242 0.332672
Input-Hidden 0.293721 0.279129 -0.195025
Input-Hidden 0.563586 0.338414 -0.534804
Input-Hidden -0.195199 0.473176 -0.269547
Input-Hidden 0.210981 -0.191483 -0.13504
Input-Hidden 0.296786 0.187902 -0.53071
Input-Hidden 0.0497595 -0.496929 -0.509565
Input-Hidden -0.325241 0.25685 -0.206549
Input-Hidden 0.279704 0.336336 -0.456238
Input-Hidden -0.0283215 -0.474784 -0.271846
Input-Hidden 0.45659 0.133983 0.225809
Input-Hidden 0.444021 -0.299839 -0.0329917
Input-Hidden -0.227136 0.374141 -0.069993
Input-Hidden 0.0229007 -0.309547 -0.199669
Input-Hidden 0.446408 0.354045 0.315982
Input-Hidden -0.168903 0.422275 0.446074
Input-Hidden 0.501954 -0.200156 -0.167899
Input-Hidden 0.166246 -0.208478 -0.53263
Input-Hidden -0.39661 -0.0615035 -0.337471
Input-Hidden -0.319258 0.456564 0.0246066
Input-Hidden -0.246347 -0.0710518 -0.0868241
Input-Hidden -0.0433248 -0.466724 0.336157
Input-Hidden -0.44022 0.149132 0.372021
Input-Hidden -0.326106 0.297151 -0.0346717
Input-Hidden 0.170392 -0.372518 -0.227979
Input-Hidden -0.314969 -0.396235 -0.528504
Input-Hidden 0.373752 -0.450371 -0.471245
Input-Hidden -0.324629 0.187014 -0.215554
Input-Hidden -0.199424 -0.103598 -0.552072
Input-Hidden -0.472013 0.313611 0.379926
Input-Hidden -0.389226 -0.500003 0.264086
Input-Hidden 0.213023 -0.219551 0.371264
Input-Hidden 0.252886 -0.136802 -0.0579544
Input-Hidden -0.0929166 -0.304876 -0.368149
Input-Hidden -0.0772708 0.304587 -0.467467
Input-Hidden 0.347669 -0.515426 -0.315367
Input-Hidden 0.329131 0.422942 -0.421491
Input-Hidden 0.295219 -0.247753 -0.0929708
Input-Hidden -0.209359 -0.285291 0.0791321
Input-Hidden 0.141998 -0.437439 0.402804
Input-Hidden 0.0510246 0.452109 -0.214375
Input-Hidden 0.505269 0.136033 -0.0527668
Input-Hidden 0.493037 -0.191371 0.16934
Input-Hidden 0.0501093 0.403282 -0.0511562
Input-Hidden -0.00410058 -0.101813 0.237902
Input-Hidden -0.194984 -0.0997198 0.0935327
Input-Hidden -0.219827 -0.135814 0.309585
Input-Hidden -0.261616 -0.0272876 0.0550341
Input-Hidden 0.475649 -0.414195 -0.270116
Input-Hidden 0.225595 -0.405184 -0.149825
Input-Hidden 0.387926 0.31436 -0.28533
Input-Hidden -0.227696 -0.142247 0.416307
Input-Hidden -0.242837 0.105794 -0.0961614
Input-Hidden 0.353953 0.430277 0.352602
Input-Hidden -0.00863102 0.421891 -0.20214
Input-Hidden -0.291816 -0.0548794 -0.359152
Input-Hidden 0.529339 -0.370929 0.245422
Input-Hidden 0.0134672 -0.318285 -0.0135974
Input-Hidden 0.37361 -0.324191 0.217866
Input-Hidden -0.255579 0.131508 -0.120167
Input-Hidden 0.281179 -0.0409585 0.206766
Input-Hidden -0.111307 0.0853651 0.0329291
Input-Hidden -0.267552 -0.415447 -0.10882
Input-Hidden 0.271416 0.0918832 -0.498117
Input-Hidden 0.299569 -0.296989 0.144703
Input-Hidden -0.285383 0.454301 -0.227108
Input-Hidden 0.403704 -0.0489691 -0.340713
Input-Hidden 0.363211 -0.463995 0.151297
Input-Hidden -0.110643 -0.106894 -0.189107
Input-Hidden 0.350068 0.214058 -0.259479
Input-Hidden 0.0806719 0.168129 -0.331537
Input-Hidden -0.562686 -0.0646605 0.422758
Input-Hidden -0.397079 -0.113147 0.0267308
Input-Hidden 0.205228 0.0525856 -0.434283
Input-Hidden 0.190236 -0.330613 0.368922
Input-Hidden 0.139283 0.197455 -0.237467
Input-Hidden 0.261446 -0.102199 0.420445
Input-Hidden -0.074429 0.478866 0.293441
Input-Hidden 0.353223 0.163037 0.315525
Input-Hidden 0.391968 0.241415 -0.433145
Input-Hidden -0.344349 0.0359016 -0.232461
Input-Hidden -0.492487 0.424099 0.37721
Input-Hidden -0.0526035 -0.350859 0.369246
Input-Hidden -0.556114 -0.044403 0.237808
Input-Hidden -0.261448 0.128922 -0.180404
Input-Hidden 0.347938 -0.344377 0.324303
Input-Hidden -0.330513 -0.0954749 -0.349962
Input-Hidden 0.123798 -0.511089 0.102239
Input-Hidden -0.133863 0.241729 0.179049
Input-Hidden -0.107864 0.211148 0.287474
Input-Hidden -0.409675 -0.511274 -0.052926
Input-Hidden 0.158763 0.378991 -0.00423787
Input-Hidden -0.30033 0.183147 0.0985068
Input-Hidden -0.274146 -0.439019 0.421392
Input-Hidden 0.0310164 -0.145913 -0.307101
Input-Hidden 0.425648 0.44787 0.41206
Input-Hidden 0.269704 -0.106606 -0.217269
Input-Hidden -0.192098 -0.259837 0.433195
Input-Hidden 0.272436 -0.316577 0.369303
Input-Hidden 0.332676 -0.0579082 -0.0675416
Input-Hidden 0.437651 -0.0120463 0.012589
Input-Hidden 0.247178 0.121342 0.00578618
Input-Hidden -0.0917471 0.0242197 0.442367
Input-Hidden 0.0977171 -0.090861 -0.0231703
Input-Hidden -0.326486 0.382633 -0.279751
Input-Hidden -0.345673 0.136848 -0.329743
Input-Hidden -0.40473 0.33927 -0.347963
Input-Hidden -0.312033 0.268439 -0.467265
Input-Hidden 0.411455 0.294531 0.411609
Input-Hidden -0.15669 -0.449545 -0.251768
Input-Hidden 0.0263779 0.0278005 -0.243199
Input-Hidden -0.505883 -0.482373 -0.158001
Input-Hidden 0.180437 0.434892 -0.20393
Input-Hidden 0.38415 -0.408729 -0.17331
Input-Hidden 0.0770494 -0.456105 -0.468583
Input-Hidden 0.16192 -0.429149 -0.271997
Input-Hidden 0.175124 -0.164603 -0.138913
Input-Hidden -0.420939 -0.350686 -0.356762
Input-Hidden 0.29963 -0.275159 0.303628
Input-Hidden -0.150922 -0.272086 -0.298659
Input-Hidden 0.292084 0.0416005 -0.423355
Input-Hidden 0.336961 -0.296165 -0.421718
Input-Hidden 0.202898 0.334432 -0.501154
Input-Hidden -0.506434 0.146656 0.261074
Input-Hidden -0.425222 0.0838994 0.364254
Input-Hidden 0.387748 0.262749 -0.253051
Input-Hidden -0.199591 -0.459143 -0.256433
Input-Hidden 0.383935 -0.0907865 -0.325334
Input-Hidden 0.193878 0.0502668 -0.265856
Input-Hidden 0.224319 0.00259302 -0.0283058
Input-Hidden -0.0731614 0.308429 -0.0212698
Input-Hidden -0.246143 0.0458818 -0.258188
Input-Hidden -0.501927 -0.378907 0.148618
Input-Hidden -0.534422 -0.179124 0.452761
Input-Hidden 0.422142 0.3729 -0.0667348
Input-Hidden -0.0696117 -0.444575 -0.381531
Input-Hidden 0.151744 0.360433 0.403678
Input-Hidden -0.135655 -0.447198 -0.438379
Input-Hidden 0.304154 -0.142646 -0.338246
Input-Hidden 0.11129 -0.149231 0.347378
Input-Hidden -0.344435 0.172702 -0.303543
Input-Hidden -0.510305 0.0209843 -0.527066
Input-Hidden 0.389509 0.133636 0.318603
Input-Hidden -0.490962 -0.375213 0.148833
Input-Hidden -0.0122737 -0.264907 -0.280979
Input-Hidden -0.323162 -0.301079 0.149427
Input-Hidden 0.408003 0.0171674 -0.0731319
Input-Hidden 0.238022 -0.429294 0.0726212
Input-Hidden 0.0262246 0.230244 -0.211658
Input-Hidden 0.393492 -0.35457 0.378204
Input-Hidden 0.411256 -0.0875814 0.397507
Input-Hidden -0.549943 -0.00672555 0.185519
Input-Hidden 0.117895 0.270974 -0.516295
Input-Hidden -0.0649728 -0.0386806 0.231547
Input-Hidden -0.321024 -0.0491817 0.388505
Input-Hidden -0.202464 -0.328183 -0.324031
Input-Hidden -0.265398 0.318951 -0.253212
Input-Hidden 0.231429 -0.505677 -0.138808
Input-Hidden 0.0534763 -0.219707 0.384981
Input-Hidden -0.211816 0.0629619 0.252027
Input-Hidden -0.108031 0.458767 -0.0736163
Input-Hidden -0.170247 -0.00741624 -0.0770555
Input-Hidden -0.618002 0.0486463 -0.406302
Input-Hidden -0.103585 0.227895 0.20468
Input-Hidden -0.114913 -0.122744 -0.252603
Input-Hidden 0.315565 0.431168 -0.524931
Input-Hidden 0.18117 0.199992 -0.0682082
Input-Hidden -0.668202 0.472598 0.300236
Input-Hidden -0.138578 -0.119106 -0.384326
Input-Hidden -0.0734017 -0.267721 -0.332138
Input-Hidden -0.323885 -0.328961 -0.174128
Input-Hidden -0.0708948 0.20523 0.173605
Input-Hidden -0.189827 -0.21667 0.313783
Input-Hidden -0.516343 -0.409897 0.15602
Input-Hidden 0.176703 0.076339 0.00357178
Input-Hidden -0.73334 -0.0781174 0.162653
Input-Hidden -0.336735 -0.4546 -0.521581
Input-Hidden 0.234471 -0.36222 0.466001
Input-Hidden 0.18392 -0.507464 0.0442426
Input-Hidden -0.185296 -0.151447 0.34513
Input-Hidden -0.376207 0.470906 -0.118761
Input-Hidden 0.305494 -0.342102 0.255088
Input-Hidden -0.511527 0.410036 -0.133139
Input-Hidden -0.0916765 0.153058 -0.292285
Input-Hidden -0.450074 -0.173036 -0.0424343
Input-Hidden 0.0893548 0.0567775 -0.243209
Input-Hidden -0.634267 0.483454 -0.0730344
Input-Hidden -0.150914 0.231514 0.178221
Input-Hidden -0.168507 -0.28681 -0.458516
Input-Hidden 0.130964 0.32764 0.255851
Input-Hidden 0.0718321 -0.388138 0.243103
Input-Hidden -0.43476 0.038018 -0.457922
Input-Hidden 0.0246583 0.0482125 0.302047
Input-Hidden -0.142733 -0.272219 -0.0352156
Input-Hidden -0.205725 -0.476055 0.0825106
Input-Hidden -0.606388 -0.105859 -0.160672
Input-Hidden -0.129533 -0.00669251 -0.152018
Input-Hidden -0.533958 -0.145217 0.102041
Input-Hidden 0.109388 0.396006 -0.506793
Input-Hidden 0.096762 -0.212114 0.366581
Input-Hidden -0.32877 -0.330712 -0.0666315
Input-Hidden -0.0909969 0.396203 -0.413689
Input-Hidden -0.107631 -0.375198 0.320838
Input-Hidden -0.504777 -0.389184 -0.134425
Input-Hidden -0.657517 -0.480694 -0.201278
Input-Hidden 0.326973 -0.276734 0.116561
Input-Hidden 0.208303 0.345842 0.0596241
Input-Hidden 0.00289269 0.29567 -0.0310805
Input-Hidden 0.132982 0.12321 0.0144053
Input-Hidden -0.585582 -0.439215 -0.00406059
Input-Hidden -0.0766777 -0.211636 0.130669
Input-Hidden 0.237641 0.322822 -0.4925
Input-Hidden 0.186455 -0.131043 -0.0604732
Input-Hidden 0.132367 0.475868 -0.379006
Input-Hidden -0.642985 0.0658027 -0.0796984
Input-Hidden -0.320596 -0.398274 -0.175373
Input-Hidden -0.0631546 0.258246 0.090636
Input-Hidden -0.591715 0.355173 -0.173578
Input-Hidden -0.0485287 -0.510938 0.199878
Input-Hidden -0.678634 0.134266 -0.412951
Input-Hidden -0.343648 0.241585 -0.449235
Input-Hidden -0.400806 -0.365087 0.0942261
Input-Hidden 0.299003 -0.0168912 0.204218
Input-Hidden -0.193898 0.483208 0.310906
Input-Hidden -0.077068 0.408628 -0.173126
Input-Hidden -0.0419211 -0.486366 -0.0819465
Input-Hidden 0.158199 -0.234816 0.102637
Input-Hidden -0.292733 0.48146 0.0726239
Input-Hidden 0.0977963 0.353206 0.0142695
Input-Hidden -0.0361148 -0.225792 0.0335467
Input-Hidden -0.24521 -0.235163 -0.0255426
Input-Hidden -0.214434 0.167208 -0.409024
Input-Hidden 0.0449491 0.106229 -0.0311609
Input-Hidden -0.220964 -0.456514 0.066256
Input-Hidden -0.629304 -0.0207051 0.14377
Input-Hidden -0.50291 0.402757 0.23337
Input-Hidden -0.709778 -0.0635634 0.239568
Input-Hidden 0.101338 -0.325167 0.350105
Input-Hidden 0.0709843 0.345158 0.0454353
Input-Hidden -0.672179 0.166406 0.0618908
Input-Hidden 0.225582 0.388061 0.341485
Input-Hidden -0.479589 -0.0830285 0.187605
Input-Hidden -0.297345 0.144205 0.257595
Input-Hidden -0.0892175 -0.047694 0.461918
Input-Hidden -0.359498 -0.107766 0.31177
Input-Hidden -0.639216 -0.327003 -0.478223
Input-Hidden -0.378403 -0.367811 0.0514219
Input-Hidden -0.265112 0.269072 -0.490162
Input-Hidden -0.110805 -0.22819 0.00717603
Input-Hidden -0.662415 0.483899 0.257988
Input-Hidden -0.19846 -0.0795621 0.0766864
Input-Hidden -0.79595 -0.28275 -0.345691
Input-Hidden -0.534591 0.038217 0.142645
Input-Hidden 0.167852 0.0556866 0.203875
Input-Hidden -0.246357 -0.250146 -0.51911
Input-Hidden -0.414949 -0.415583 -0.228795
Input-Hidden -0.212372 -0.211066 -0.478213
Input-Hidden -0.115519 -0.0622153 -0.204156
Input-Hidden -0.718988 0.209736 0.105412
Input-Hidden -0.665398 0.459753 0.25103
Input-Hidden -0.0245847 -0.49169 0.36777
Input-Hidden 0.201956 -0.350105 -0.373233
Input-Hidden -0.315556 0.00323106 0.00712784
Input-Hidden -0.607025 -0.200427 0.147842
Input-Hidden 0.1258 0.229256 0.379761
Input-Hidden -0.727663 0.45832 0.0269035
Input-Hidden 0.166274 0.39811 0.0591803
Input-Hidden -0.437412 -0.0686455 -0.0299551
Input-Hidden -0.357088 -0.247841 0.269659
Input-Hidden -0.016285 0.484929 -0.485649
Input-Hidden -0.0963738 0.385374 -0.204857
Input-Hidden 0.0561409 -0.506337 0.353501
Input-Hidden -0.702124 -0.0765878 -0.515067
Input-Hidden -0.556831 0.438769 -0.393397
Input-Hidden -0.137879 0.201221 0.254997
Input-Hidden 0.196278 -0.276334 -0.00277874
Input-Hidden -0.574405 0.169816 -0.12945
Input-Hidden -0.546988 -0.394183 -0.366844
Input-Hidden 0.0903795 -0.237167 0.0260793
Input-Hidden -0.346591 -0.389444 0.132704
Input-Hidden 0.241882 0.231636 -0.130717
Input-Hidden 0.114628 0.378022 0.0509325
Input-Hidden -0.157289 0.151056 0.212538
Input-Hidden -0.36125 0.344927 0.00345981
Input-Hidden 0.106819 0.397465 0.192186
Input-Hidden 0.00592548 0.0183562 0.0455119
Input-Hidden 0.128016 -0.325831 -0.471307
Input-Hidden -0.515613 0.059574 -0.492139
Input-Hidden -0.19919 0.0922877 0.427574
Input-Hidden -0.629788 -0.133662 -0.26038
Input-Hidden -0.40836 -0.300386 0.310421
Input-Hidden -0.489726 0.33704 -0.376484
Input-Hidden -0.163411 0.165422 -0.456866
Input-Hidden 0.164929 -0.264735 -0.0953021
Input-Hidden -0.140686 -0.266922 -0.491532
Input-Hidden -0.136834 0.411834 -0.397256
Input-Hidden 0.171981 -0.27747 -0.184611
Input-Hidden -0.624548 -0.301773 -0.486757
Input-Hidden -0.106413 -0.0529242 -0.404662
Input-Hidden -0.348554 -0.424636 -0.35025
Input-Hidden 0.164605 -0.173533 0.00834575
Input-Hidden 0.261521 -0.0345162 -0.104762
Input-Hidden 0.373304 -0.325127 0.404656
Input-Hidden 0.290427 -0.254519 0.119102
Input-Hidden 0.110508 -0.0487416 -0.507871
Input-Hidden -0.134533 0.126607 -0.0293516
Input-Hidden -0.155756 0.000368075 -0.2669
Input-Hidden -0.126252 -0.347855 -0.189392
Input-Hidden 0.103239 0.482251 0.0205609
Input-Hidden -0.375723 0.410126 0.297218
Input-Hidden -0.501392 0.0304344 -0.0894344
Input-Hidden -0.00271843 -0.379577 -0.514169
Input-Hidden 0.239334 0.163324 -0.123017
Input-Hidden -0.202454 0.240513 0.357698
Input-Hidden 0.0610243 -0.0492145 0.0464158
Input-Hidden -0.403006 0.423542 0.209424
Input-Hidden -0.442918 -0.239076 0.11601
Input-Hidden -0.477977 -0.268921 -0.230042
Input-Hidden -0.568518 0.425548 0.116293
Input-Hidden -0.257351 0.160016 -0.444205
Input-Hidden 0.333584 -0.122507 -0.38165
Input-Hidden -0.299577 0.44703 0.0588672
Input-Hidden -0.263089 0.482496 -0.280606
Input-Hidden -0.338346 -0.355514 0.346273
Input-Hidden -0.31311 0.183759 -0.277466
Input-Hidden -0.273997 0.055474 -0.467396
Input-Hidden -0.310852 0.467073 -0.328636
Input-Hidden 0.121507 0.257734 -0.0540396
Input-Hidden -0.488752 -0.059327 -0.0100055
Input-Hidden 0.33184 0.106141 -0.24876
Input-Hidden -0.446682 0.102167 0.0824821
Input-Hidden -0.515126 -0.247416 -0.212281
Input-Hidden 0.0921803 0.187723 0.150144
Input-Hidden -0.570207 -0.287516 0.450359
Input-Hidden 0.269016 0.333793 0.265093
Input-Hidden -0.402454 -0.0564111 0.089098
Input-Hidden 0.0620611 0.357677 0.44794
Input-Hidden -0.0842514 0.266026 0.158829
Input-Hidden -0.455338 -0.00745639 0.0782778
Input-Hidden -0.456227 -0.21325 -0.496041
Input-Hidden -0.316914 -0.230362 -0.297852
Input-Hidden -0.163672 0.0067669 -0.475071
Input-Hidden 0.221075 -0.0999171 0.0330472
Input-Hidden 0.294719 -0.185448 -0.262145
Input-Hidden 0.0734416 -0.264628 0.230412
Input-Hidden -0.470359 -0.456401 0.445551
Input-Hidden -0.431125 -0.504635 -0.218071
Input-Hidden -0.443047 0.377594 -0.300114
Input-Hidden 0.337019 -0.270593 -0.15911
Input-Hidden -0.255282 0.173505 0.133431
Input-Hidden 0.278833 -0.436097 0.23969
Input-Hidden 0.110291 -0.344069 0.292249
Input-Hidden 0.0127068 0.360129 0.190559
Input-Hidden -0.49507 0.109109 0.205572
Input-Hidden 0.147042 0.21639 0.116338
Input-Hidden -0.541559 -0.0582641 0.454232
Input-Hidden 0.206802 -0.42474 -0.420552
Input-Hidden -0.108415 0.415171 -0.174394
Input-Hidden 0.214233 -0.368204 -0.0283827
Input-Hidden -0.253849 0.129343 -0.426009
Input-Hidden -0.00447641 -0.107416 -0.345814
Input-Hidden -0.114922 -0.187535 0.119769
Input-Hidden -0.340616 -0.252863 -0.368917
Input-Hidden -0.546951 -0.0821159 -0.19987
Input-Hidden -0.185122 0.0180763 -0.102298
Input-Hidden -0.264768 0.107548 -0.200576
Input-Hidden -0.390755 0.390996 0.053173
Input-Hidden -0.214708 -0.368084 0.367252
Input-Hidden -0.145985 -0.304367 -0.519952
Input-Hidden 0.274632 0.440196 0.233188
Input-Hidden -0.109145 0.0446361 -0.516957
Input-Hidden 0.393937 0.209157 -0.408784
Input-Hidden 0.18503 0.125849 0.375633
Input-Hidden 0.398166 0.0944159 -0.0444834
Input-Hidden 0.406058 -0.240967 0.0204456
Input-Hidden -0.327557 0.254016 -0.500811
Input-Hidden -0.348402 -0.208528 0.204089
Input-Hidden 0.378789 0.0676118 -0.202239
Input-Hidden -0.455918 0.378383 0.434127
Input-Hidden -0.0159986 -0.319181 -0.131597
Input-Hidden 0.101206 0.0656928 -0.141719
Input-Hidden -0.0112735 0.121543 -0.404007
Input-Hidden -0.114113 -0.417276 0.241692
Input-Hidden 0.443398 -0.134313 -0.443048
Input-Hidden 0.236158 0.413192 0.281664
Input-Hidden 0.111328 -0.436608 -0.194141
Input-Hidden -0.265408 -0.0418701 0.0668803
Input-Hidden -0.294784 -0.174415 -0.0732827
Input-Hidden 0.312158 -0.483971 0.366596
Input-Hidden -0.442653 0.409738 -0.223606
Input-Hidden 0.123329 -0.439227 0.172819
Input-Hidden 0.223768 0.342149 0.277712
Input-Hidden 0.0826819 0.232448 -0.439071
Input-Hidden -0.53393 0.222503 0.158827
Input-Hidden -0.512776 0.171704 0.128065
Input-Hidden -0.0842315 -0.459048 -0.0117199
Input-Hidden -0.496987 -0.349022 -0.00817243
Input-Hidden -0.162444 0.311822 0.214525
Input-Hidden 0.266817 -0.219332 -0.270744
Input-Hidden -0.26694 -0.110099 -0.505337
Input-Hidden -0.503381 0.162388 -0.258539
Input-Hidden 0.148689 -0.508257 0.376158
Input-Hidden -0.112366 0.411905 -0.111733
Input-Hidden 0.308633 0.0292166 -0.5142
Input-Hidden 0.283431 -0.202459 0.0297441
Input-Hidden 0.117373 0.150653 -0.0998694
Input-Hidden -0.330764 -0.117723 -0.237349
Input-Hidden 0.0151827 -0.485577 -0.24684
Input-Hidden -0.0617802 -0.190701 0.0564772
Input-Hidden -0.0372139 -0.151396 0.00264365
Input-Hidden -0.175276 -0.418952 -0.242777
Input-Hidden 0.217957 -0.18059 -0.0402867
Input-Hidden -0.430749 -0.312817 0.17441
Input-Hidden -0.275244 0.129614 0.261832
Input-Hidden -0.179396 -0.138 -0.29659
Input-Hidden -0.48422 -0.369326 -0.425907
Input-Hidden -0.174115 -0.435515 0.0625574
Input-Hidden -0.446962 -0.195333 -0.363802
Input-Hidden -0.191716 0.181277 -0.0726249
Input-Hidden 0.174852 -0.0727922 -0.363869
Input-Hidden -0.0365744 0.336043 -0.155757
Input-Hidden 0.0164973 0.404565 0.0168028
Input-Hidden 0.0901434 -0.511729 0.310791
Input-Hidden -0.181216 -0.256994 0.253804
Input-Hidden -0.409788 0.279929 -0.486078
Input-Hidden 0.249338 0.0218479 -0.452967
Input-Hidden -0.281399 0.063078 0.230961
Input-Hidden 0.374299 0.13507 -0.412436
Input-Hidden -0.068979 -0.416156 -0.285199
Input-Hidden 0.397758 0.26475 -0.376238
Input-Hidden 0.181741 0.335348 -0.48717
Input-Hidden 0.394239 0.312969 0.369609
Input-Hidden -0.0458095 -0.393846 0.40013
Input-Hidden -0.299416 -0.44913 -0.0663915
Input-Hidden 0.22239 -0.232153 0.0420956
Input-Hidden -0.0413719 0.388184 -0.48624
Input-Hidden -0.142655 0.199448 0.215556
Input-Hidden 0.379547 0.436274 0.322476
Input-Hidden 0.146398 0.460055 0.432249
Input-Hidden -0.319379 -0.286155 -0.0867863
Input-Hidden 0.306771 -0.0608415 0.119213
Input-Hidden -0.420309 0.218131 -0.159854
Input-Hidden 0.356753 -0.498092 0.315917
Input-Hidden -0.134771 0.315977 0.148778
Input-Hidden 0.477456 -0.34576 0.304467
Input-Hidden -0.31788 -0.477596 -0.131602
Input-Hidden -0.239715 -0.305293 -0.497222
Input-Hidden -0.280556 0.320589 -0.0254402
Input-Hidden -0.108236 -0.00276524 -0.279422
Input-Hidden 0.269818 0.104608 -0.376387
Input-Hidden -0.489764 -0.243179 -0.18149
Input-Hidden 0.465635 -0.0975331 0.352771
Input-Hidden -0.116869 -0.48017 0.309148
Input-Hidden -0.473581 -0.443618 -0.157224
Input-Hidden 0.394068 -0.440961 -0.300009
Input-Hidden -0.0152156 -0.285263 0.10898
Input-Hidden -0.0114523 0.00724872 0.334381
Input-Hidden -0.0422969 0.176341 0.124034
Input-Hidden -0.371153 -0.469604 0.401334
Input-Hidden 0.44146 0.240999 -0.28465
Input-Hidden -0.355085 0.4616 -0.144127
Input-Hidden 0.105953 -0.310093 -0.392899
Input-Hidden -0.394304 -0.193774 -0.0697817
Input-Hidden 0.181361 0.0546924 0.360789
Input-Hidden 0.0132048 -0.451803 -0.31841
Input-Hidden 0.0935511 0.0360408 0.424847
Input-Hidden 0.155864 0.191256 0.458972
Input-Hidden 0.290842 0.460401 -0.0991241
Input-Hidden -0.273352 -0.113773 -0.025508
Input-Hidden 0.383325 -0.00111284 -0.146608
Input-Hidden 0.401625 -0.403584 -0.489415
Input-Hidden 0.108075 -0.499858 -0.205965
Input-Hidden 0.278368 -0.0155648 -0.265922
Input-Hidden -0.379177 -0.215017 0.228013
Input-Hidden -0.250942 -0.0518073 0.459084
Input-Hidden 0.298463 -0.267059 -0.466964
Input-Hidden -0.157699 0.204532 0.345058
Input-Hidden -0.0830783 0.417228 -0.155581
Input-Hidden -0.0327921 0.277098 -0.202362
Input-Hidden 0.259693 -0.164703 -0.211832
Input-Hidden -0.0587654 -0.446891 -0.500334
Input-Hidden 0.289487 0.0140129 -0.145726
Input-Hidden 0.259561 -0.0391999 -0.348361
Input-Hidden 0.318474 0.436943 -0.237761
Input-Hidden 0.497476 -0.292901 -0.415012
Input-Hidden 0.0629335 -0.206413 0.206243
Input-Hidden -0.375297 -0.181834 -0.0500848
Input-Hidden 0.143688 0.168894 -0.129506
Input-Hidden 0.441166 0.0462969 -0.100948
Input-Hidden 0.326798 -0.0577566 -0.0927553
Input-Hidden -0.0762497 0.0753253 -0.133047
Input-Hidden -0.0161948 0.430652 0.413683
Input-Hidden 0.147652 0.0904446 -0.250594
Input-Hidden 0.324338 0.0881294 0.399013
Input-Hidden 0.219733 -0.160992 -0.227881
Input-Hidden 0.215473 -0.227323 0.185814
Input-Hidden 0.187079 0.153836 -0.171783
Input-Hidden 0.365324 -0.356966 -0.483214
Input-Hidden 0.323722 0.163503 0.442936
Input-Hidden 0.272908 0.45496 -0.20594
Input-Hidden 0.276979 -0.415288 -0.0890556
Input-Hidden 0.281421 -0.344694 -0.243318
Input-Hidden -0.478333 0.284301 -0.285533
Input-Hidden -0.446464 0.0464429 -0.400267
Input-Hidden 0.362083 0.402064 0.282207
Input-Hidden -0.38662 0.439695 0.246352
Input-Hidden -0.528403 0.127434 0.299255
Input-Hidden -0.308699 -0.343572 0.0867678
Input-Hidden 0.399859 -0.283607 -0.122215
Input-Hidden 0.299291 -0.295276 0.243822
Input-Hidden -0.0984269 -0.284753 0.0210211
Input-Hidden 0.338178 -0.379335 -0.52688
Input-Hidden 0.417284 -0.272162 -0.355371
Input-Hidden 0.327318 0.372806 -0.432485
Input-Hidden -0.139001 0.486566 0.116781
Input-Hidden 0.449319 0.258671 0.453794
Input-Hidden -0.128496 -0.302876 0.0243599
Input-Hidden 0.275961 -0.162461 -0.28891
Input-Hidden -0.2884 0.228719 -0.0567413
Input-Hidden 0.449653 -0.449179 -0.0481002
Input-Hidden -0.329727 -0.317411 0.0913281
Input-Hidden -0.401716 -0.158827 0.0331083
Input-Hidden -0.20772 -0.393893 -0.374324
Input-Hidden -0.249528 0.301473 -0.394024
Input-Hidden 0.434015 0.430396 0.26014
Input-Hidden 0.45612 -0.255125 -0.10546
Input-Hidden 0.270898 -0.00668977 0.113782
Input-Hidden 0.184831 -0.328711 -0.00778259
Input-Hidden -0.158434 0.247154 0.103346
Input-Hidden 0.404995 0.346955 0.0217293
Input-Hidden 0.31408 -0.423623 0.0727223
Input-Hidden -0.482129 -0.402003 0.21319
Input-Hidden 0.342916 0.163936 0.137429
Input-Hidden -0.543077 0.0168346 -0.0162086
Input-Hidden 0.378941 0.43812 0.0848494
Input-Hidden -0.232366 0.0663501 -0.0285763
Input-Hidden 0.189831 0.301527 0.156957
Input-Hidden 0.306097 0.354063 0.130789
Input-Hidden -0.232884 -0.340624 -0.250521
Input-Hidden 0.43208 -0.296449 -0.292142
Input-Hidden -0.31704 -0.270854 0.0355713
Input-Hidden -0.463694 0.0612328 -0.205288
Input-Hidden 0.309518 0.0162063 -0.110119
Input-Hidden -0.192262 -0.367098 -0.138147
Input-Hidden -0.477513 -0.327259 0.442532
Input-Hidden -0.509831 0.294214 0.163698
Input-Hidden 0.21456 0.419658 -0.31398
Input-Hidden 0.274694 0.106709 -0.0928547
Input-Hidden 0.2066 0.4385 -0.485776
Input-Hidden 0.411625 0.17687 -0.382499
Input-Hidden -0.372891 -0.354217 -0.164895
Input-Hidden 0.180872 -0.168804 0.178376
Input-Hidden -0.118419 -0.146122 -0.167979
Input-Hidden -0.370239 -0.305899 -0.170157
Input-Hidden 0.102818 0.451816 -0.511695
Input-Hidden 0.209146 -0.499462 0.167273
Input-Hidden -0.280413 -0.39492 -0.204054
Input-Hidden 0.0272678 -0.26867 -0.339053
Input-Hidden -0.071051 -0.263568 0.330999
Input-Hidden -0.235799 0.488894 0.354563
Input-Hidden 0.0235289 0.312338 -0.16889
Input-Hidden -0.0130823 0.402628 -0.0763631
Input-Hidden -0.390446 -0.278573 0.217832
Input-Hidden 0.0320206 0.164291 0.128955
Input-Hidden -0.354674 -0.338025 0.319391
Input-Hidden -0.282131 0.466355 0.114577
Input-Hidden 0.0863149 -0.127096 -0.0766625
Input-Hidden -0.174895 -0.203129 -0.073253
Input-Hidden 0.0174712 0.459597 -0.18514
Input-Hidden 0.0884752 -0.0220833 0.266263
Input-Hidden 0.0154145 -0.44154 -0.520222
Input-Hidden 0.0482309 -0.474968 0.196865
Input-Hidden -0.352801 -0.0599326 -0.515071
Input-Hidden 0.18255 -0.0564435 -0.121671
Input-Hidden -0.159416 0.0985453 0.414156
Input-Hidden 0.372151 0.37634 0.234626
Input-Hidden 0.220596 0.201527 0.237846
Input-Hidden -0.423464 0.180088 0.209921
Input-Hidden 0.12051 0.263427 -0.377321
Input-Hidden -0.333181 -0.22325 -0.447784
Input-Hidden 0.266044 0.0485564 -0.513514
Input-Hidden -0.108372 0.0909194 -0.153938
Input-Hidden -0.49911 -0.158518 0.0800323
Input-Hidden -0.157274 -0.484792 -0.213807
Input-Hidden 0.166278 0.161728 0.079097
Input-Hidden 0.303693 -0.408869 -0.2335
Input-Hidden 0.0745719 0.332091 0.0266651
Input-Hidden 0.241748 -0.318973 -0.172279
Input-Hidden -0.551748 -0.117094 0.275894
Input-Hidden -0.115041 -0.112866 -0.111499
Input-Hidden 0.0558195 0.431655 0.0434388
Input-Hidden -0.471441 0.481916 0.211832
Input-Hidden -0.532109 0.484798 0.339446
Input-Hidden -0.0762124 0.352079 0.356258
Input-Hidden -0.261041 0.303327 -0.483419
Input-Hidden -0.383372 0.451865 0.382856
Input-Hidden 0.31107 0.262893 -0.367384
Input-Hidden 0.209749 0.173179 0.398831
Input-Hidden -0.603563 0.308915 -0.184476
Input-Hidden -0.59967 0.00904993 -0.0918326
Input-Hidden 0.227744 0.299062 -0.277885
Input-Hidden 0.0576474 0.0533816 0.221245
Input-Hidden 0.356815 0.262546 -0.0311726
Input-Hidden 0.0169634 -0.196232 0.259325
Input-Hidden 0.119319 0.206897 0.423644
Input-Hidden -0.589489 -0.403606 -0.466147
Input-Hidden -0.0182949 -0.208531 -0.128584
Input-Hidden -0.197497 -0.118523 0.241219
Input-Hidden 0.247598 -0.221064 0.367463
Input-Hidden 0.110799 -0.289721 0.411718
Input-Hidden -0.539848 -0.0771357 -0.0479606
Input-Hidden -0.527591 0.0781762 -0.323864
Input-Hidden -0.344921 -0.207403 -0.111715
Input-Hidden -0.475465 -0.35772 -0.0221994
Input-Hidden 0.226805 0.48569 0.391033
Input-Hidden 0.072262 -0.357931 0.408814
Input-Hidden 0.389197 -0.137962 -0.18141
Input-Hidden -0.330347 -0.0938163 0.461032
Input-Hidden -0.138235 0.376343 -0.420258
Input-Hidden -0.350386 -0.453865 0.250956
Input-Hidden -0.496689 -0.302366 0.159588
Input-Hidden -0.358269 -0.154972 0.447343
Input-Hidden 0.10977 0.357815 0.182838
Input-Hidden -0.19818 0.444663 -0.06589
Input-Hidden 0.0739454 -0.444503 -0.00910851
Input-Hidden -0.0876662 0.0103309 -0.408763
Input-Hidden -0.437731 0.427566 0.385094
Input-Hidden -0.0276838 -0.211598 -0.26349
Input-Hidden 0.0471985 0.314146 -0.203388
Input-Hidden -0.428009 0.0891227 -0.255999
Input-Hidden -0.352902 0.375642 -0.375707
Input-Hidden -0.101185 0.00440113 -0.253293
Input-Hidden 0.390103 -0.102155 0.359573
Input-Hidden -0.187834 -0.415291 -0.334432
Input-Hidden -0.46408 -0.401784 0.443055
Input-Hidden 0.324488 0.248964 -0.503719
Input-Hidden 0.13747 -0.471774 -0.441506
Input-Hidden 0.125624 0.0300945 0.44423
Input-Hidden -0.235742 -0.185887 -0.189751
Input-Hidden -0.53716 -0.298381 -0.0604335
Input-Hidden 0.285722 -0.475635 0.214532
Input-Hidden -0.10915 -0.157171 -0.371576
Input-Hidden 0.247581 -0.291039 -0.506779
Input-Hidden -0.119477 -0.142306 -0.503598
Input-Hidden -0.40712 0.0885095 0.188926
Input-Hidden -0.0576629 -0.337393 0.224038
Input-Hidden 0.0906636 0.165497 -0.213761
Input-Hidden -0.533979 -0.218939 0.0987435
Input-Hidden 0.0637426 -0.133299 0.0723015
Input-Hidden 0.165583 0.295544 -0.303126
Input-Hidden -0.351366 0.125983 0.295005
Input-Hidden -0.220007 -0.178223 -0.000928851
Input-Hidden -0.110504 -0.369152 0.423029
Input-Hidden -0.170578 0.0183645 -0.140222
Input-Hidden 0.0648704 -0.299093 -0.046179
Input-Hidden -0.50578 -0.289057 0.303616
Input-Hidden 0.0332765 -0.0172597 0.20186
Input-Hidden -0.765298 0.488143 0.104532
Input-Hidden -0.660462 -0.386652 0.0514784
Input-Hidden -0.115984 -0.460163 -0.136677
Input-Hidden 0.363641 0.313847 0.0569606
Input-Hidden -0.28091 -0.0635842 -0.306978
Input-Hidden -0.324001 -0.39702 -0.503999
Input-Hidden -0.554147 -0.378372 -0.291212
Input-Hidden 0.108373 0.00582942 0.289054
Input-Hidden 0.272787 -0.124329 -0.516707
Input-Hidden -0.351297 -0.19096 -0.0578329
Input-Hidden -0.586954 -0.392478 0.439242
Input-Hidden -0.594876 0.0745264 0.158329
Input-Hidden -0.262623 0.0442058 -0.0470996
Input-Hidden -0.616664 -0.196348 0.0820397
Input-Hidden 0.202983 -0.0691704 -0.181239
Input-Hidden -0.500531 0.214276 0.193193
Input-Hidden 0.316333 -0.18135 -0.114529
Input-Hidden 0.140415 0.335696 -0.162573
Input-Hidden -0.221345 -0.0114274 0.135309
Input-Hidden -0.628647 -0.478883 0.424575
Input-Hidden -0.656803 -0.219224 -0.499451
Input-Hidden -0.303799 0.365567 -0.440904
Input-Hidden -0.126363 0.027895 0.304401
Input-Hidden -0.254593 -0.262583 -0.121728
Input-Hidden -0.425733 -0.304456 0.412582
Input-Hidden -0.457162 -0.475865 0.0920165
Input-Hidden -0.364708 0.269003 -0.450932
Input-Hidden -0.0284587 0.4327 -0.387923
Input-Hidden -0.110858 -0.41043 0.292475
Input-Hidden 0.381658 -0.45901 -0.172784
Input-Hidden 0.191027 0.123198 0.47282
Input-Hidden -0.0191907 -0.138157 0.380364
Input-Hidden -0.0291888 0.159516 0.470258
Input-Hidden -0.489497 -0.220729 -0.514653
Input-Hidden -0.32387 0.0936146 0.327537
Input-Hidden -0.386059 -0.0775884 0.195465
Input-Hidden 0.43714 0.233796 0.473334
Input-Hidden -0.0148695 0.43711 -0.135611
Input-Hidden -0.219113 0.222961 0.438883
Input-Hidden -0.373408 0.0120218 0.0610271
Input-Hidden -0.142651 -0.495595 -0.31732
Input-Hidden -0.154767 -0.456511 0.26606
Input-Hidden 0.328245 -0.345732 -0.497746
Input-Hidden 0.249754 0.167665 0.00321932
Input-Hidden 0.402256 0.229317 0.0782749
Input-Hidden 0.140613 0.307944 -0.182967
Input-Hidden -0.11364 0.19535 -0.239372
Input-Hidden 0.309002 0.289435 -0.235439
Input-Hidden -0.0561718 0.164775 0.373104
Input-Hidden 0.480809 -0.0678823 0.370953
Input-Hidden 0.114881 0.378472 -0.393643
Input-Hidden 0.0698277 -0.181509 0.109741
Input-Hidden -0.439195 0.394768 0.328172
Input-Hidden 0.0281303 0.481031 0.268861
Input-Hidden -0.166706 0.0163707 -0.11943
Input-Hidden -0.3447 -0.299548 0.321629
Input-Hidden 0.362375 0.326748 -0.296948
Input-Hidden -0.081618 -0.0795945 -0.335713
Input-Hidden -0.0286755 -0.32184 0.277962
Input-Hidden 0.417414 -0.00384324 -0.239499
Input-Hidden 0.289716 -0.464799 -0.418143
Input-Hidden 0.0363233 -0.120269 -0.416163
Input-Hidden 0.0695412 0.0841618 0.0583944
Input-Hidden -0.433408 -0.0379249 0.0152286
Input-Hidden -0.0765264 -0.30978 0.46741
Input-Hidden -0.0592638 0.247657 0.463984
Input-Hidden 0.251603 -0.127781 -0.387735
Input-Hidden -0.214132 -0.0527709 -0.47863
Input-Hidden 0.0516268 0.271668 -0.0377883
Input-Hidden 0.211501 0.218975 0.44114
Input-Hidden 0.253571 -0.299411 -0.00672265
Input-Hidden 0.0728424 -0.0342069 0.266615
Input-Hidden 0.0339499 0.32735 0.441942
Input-Hidden -0.449707 -0.143776 0.0229677
Input-Hidden 0.202529 0.196559 0.0319899
Input-Hidden -0.325189 0.282805 0.42231
Input-Hidden 0.250401 -0.0572892 -0.520628
Input-Hidden 0.323216 -0.2279 0.420465
Input-Hidden 0.470508 -0.353346 0.0464278
Input-Hidden 0.12907 -0.16432 0.39522
Input-Hidden -0.157549 -0.317331 0.421893
Input-Hidden -0.15898 0.0212553 0.245297
Input-Hidden -0.287511 -0.0305825 -0.144808
Input-Hidden 0.0666555 -0.125259 0.340383
Input-Hidden 0.412768 -0.314391 -0.0884958
Input-Hidden 0.260623 -0.195191 -0.234157
Input-Hidden -0.335165 -0.0949399 0.0965975
Input-Hidden 0.373877 -0.365032 -0.487303
Input-Hidden -0.0937052 -0.311027 -0.176664
Input-Hidden -0.273849 0.0752546 -0.498886
Input-Hidden -0.386987 -0.125858 0.474393
Input-Hidden -0.215814 0.383327 0.469563
Input-Hidden -0.151625 -0.385184 0.234224
Input-Hidden 0.496315 -0.382303 0.265796
Input-Hidden -0.170514 -0.491181 0.0355887
Input-Hidden 0.517559 -0.297145 -0.414598
Input-Hidden 0.441343 0.0285436 0.00335001
Input-Hidden 0.0241676 -0.242423 -0.460456
Input-Hidden -0.107796 0.332001 0.102527
Input-Hidden 0.533684 0.364837 -0.117924
Input-Hidden -0.050701 0.124367 -0.319008
Input-Hidden -0.232745 0.20365 0.219295
Input-Hidden -0.266656 0.486338 -0.148504
Input-Hidden 0.0252219 -0.419677 -0.452121
Input-Hidden -0.0394886 0.488617 0.0922002
Input-Hidden 0.0383757 0.204883 -0.433638
Input-Hidden -0.108868 0.0680621 0.249591
Input-Hidden -0.223662 0.0506496 0.250199
Input-Hidden 0.527954 0.328474 0.468011
Input-Hidden -0.149943 -0.452592 -0.427403
Input-Hidden -0.0260137 -0.0338301 0.368291
Input-Hidden -0.0850603 -0.403209 -0.409943
Input-Hidden 0.382365 0.454551 -0.484943
Input-Hidden 0.553182 -0.455471 0.407978
Input-Hidden -0.274021 -0.266508 -0.27752
Input-Hidden -0.0499723 -0.259152 -0.279188
Input-Hidden 0.176374 -0.376147 0.11784
Input-Hidden 0.170351 -0.4497 0.196602
Input-Hidden 0.545988 0.390843 -0.376046
Input-Hidden 0.175723 0.0785709 -0.402275
Input-Hidden 0.458806 -0.437735 0.178382
Input-Hidden 0.540918 0.143551 -0.150757
Input-Hidden 0.190649 -0.299789 0.310376
Input-Hidden -0.381529 -0.202709 -0.164445
Input-Hidden 0.191656 0.354164 0.369418
Input-Hidden -0.0515283 -0.439465 0.19595
Input-Hidden 0.193677 -0.158 -0.208388
Input-Hidden 0.568093 0.15016 -0.39532
Input-Hidden -0.202165 0.390231 0.129257
Input-Hidden 0.196617 0.438887 0.0240555
Input-Hidden 0.441583 -0.0436894 0.0802744
Input-Hidden -0.199303 0.28961 -0.373431
Input-Hidden -0.176122 -0.355991 -0.193774
Input-Hidden -0.280477 -0.453398 0.455426
Input-Hidden -0.021577 -0.464844 -0.129498
Input-Hidden 0.435078 0.211583 -0.463739
Input-Hidden 0.232135 0.400817 0.0998138
Input-Hidden 0.348266 0.452538 0.0499336
Input-Hidden -0.0659586 0.136954 0.295972
Input-Hidden 0.158361 0.26293 -0.131357
Input-Hidden 0.0696704 0.311071 0.011921
Input-Hidden -0.351185 -0.105052 0.243157
Input-Hidden 0.23089 0.375118 -0.16692
Input-Hidden 0.0137409 -0.0187099 -0.0994978
Input-Hidden 0.531048 -0.144028 0.318108
Input-Hidden 0.259524 -0.155502 -0.41995
Input-Hidden -0.472935 -0.333689 -0.0652166
Input-Hidden -0.064303 -0.385273 0.381671
Input-Hidden -0.0343472 -0.0530597 0.438516
Input-Hidden -0.390934 -0.175283 -0.04348
Input-Hidden 0.154973 -0.306185 -0.466369
Input-Hidden -0.166771 0.221236 -0.256175
Input-Hidden 0.1192 0.00913561 0.326519
Input-Hidden 0.114244 -0.29781 -0.236869
Input-Hidden -0.397578 0.0523123 -0.0995934
Input-Hidden 0.161651 -0.388765 -0.492064
Input-Hidden -0.060594 0.0754442 -0.195822
Input-Hidden -0.358576 0.422861 -0.0114344
Input-Hidden -0.143984 0.0785462 0.154987
Input-Hidden -0.362832 0.0505788 -0.340234
Input-Hidden -0.3065 0.303089 0.11897
Input-Hidden 0.101328 -0.142889 0.074932
Input-Hidden -0.0533819 0.275558 -0.225703
Input-Hidden -0.466752 0.0206982 -0.303431
Input-Hidden -0.473458 0.472227 0.191225
Input-Hidden 0.374826 0.31962 -0.275218
Input-Hidden 0.229881 0.345933 0.352701
Input-Hidden 0.236174 -0.109562 -0.0494015
Input-Hidden -0.422484 -0.223206 0.123581
Input-Hidden -0.567374 -0.123448 0.409932
Input-Hidden -0.0631589 0.31391 0.244324
Input-Hidden 0.158489 -0.125602 0.21085
Input-Hidden -0.26573 -0.391827 -0.235598
Input-Hidden 0.260977 -0.00935452 -0.304036
Input-Hidden -0.116813 -0.372494 -0.0413601
Input-Hidden -0.533948 0.0529114 -0.0952535
Input-Hidden 0.280232 -0.466923 -0.364684
Input-Hidden 0.381187 -0.329412 0.267731
Input-Hidden -0.540747 -0.187552 0.176327
Input-Hidden -0.0834349 -0.131971 0.0166975
Input-Hidden -0.454725 0.196767 0.0736526
Input-Hidden -0.0330791 -0.346021 -0.237572
Input-Hidden -0.193685 -0.425017 0.313988
Input-Hidden 0.281639 -0.082172 0.165621
Input-Hidden 0.348474 0.374978 -0.00618501
Input-Hidden -0.514086 -0.273226 0.0683838
Input-Hidden -0.30862 -0.152709 0.249851
Input-Hidden 0.224276 0.353759 -0.317524
Input-Hidden -0.493519 -0.124541 -0.00392473
Input-Hidden 0.322918 -0.173671 -0.462385
Input-Hidden 0.329209 -0.273841 0.325866
Input-Hidden -0.520312 -0.217703 0.321473
Input-Hidden -0.276675 -0.458951 0.320964
Input-Hidden 0.0348125 -0.0522165 -0.450809
Input-Hidden -0.0628344 -0.174128 0.260049
Input-Hidden -0.455365 -0.0158418 -0.49861
Input-Hidden -0.16051 0.0265138 0.335418
Input-Hidden 0.0111141 -0.505488 -0.134619
Input-Hidden -0.204322 -0.0654632 -0.0241466
Input-Hidden -0.589258 0.291014 -0.494429
Input-Hidden -0.299099 -0.399309 -0.0323834
Input-Hidden -0.278255 0.15606 0.371447
Input-Hidden -0.147741 -0.478521 0.0351797
Input-Hidden -0.0948419 -0.0196424 -0.290149
Input-Hidden 0.153672 -0.302661 -0.00268516
Input-Hidden 0.238329 -0.103618 0.44517
Input-Hidden -0.304154 -0.00925295 -0.363393
Input-Hidden -0.24131 -0.483659 0.190628
Input-Hidden -0.0365367 0.410335 0.421751
Input-Hidden -0.0222232 0.178209 -0.233701
Input-Hidden -0.266018 0.225411 -0.0207261
Input-Hidden 0.335508 0.00876709 -0.189314
Input-Hidden -0.509618 -0.331599 -0.172962
Input-Hidden -0.184818 -0.0467195 -0.42427
Input-Hidden 0.196697 0.318913 -0.137363
Input-Hidden -0.563582 -0.336306 0.096442
Input-Hidden 0.124882 0.279462 0.0515959
Input-Hidden -0.235905 -0.406391 0.368433
Input-Hidden 0.369983 0.0232992 0.261962
Input-Hidden 0.0827982 -0.302376 0.0547573
Input-Hidden -0.356187 -0.368157 0.0626284
Input-Hidden 0.219966 0.29468 0.0120881
Input-Hidden -0.180513 -0.174229 -0.0841074
Input-Hidden -0.28859 0.388768 0.213166
Input-Hidden -0.494544 0.178408 0.293148
Input-Hidden -0.25537 0.072232 0.136754
Input-Hidden 0.00865306 0.187415 -0.441987
Input-Hidden -0.631434 -0.221451 0.0229209
Input-Hidden -0.590075 -0.497689 0.386868
Input-Hidden -0.0660718 -0.0585025 -0.0138038
Input-Hidden 0.0351907 -0.150687 -0.170809
Input-Hidden 0.188684 -0.261277 -0.0576556
Input-Hidden 0.199546 0.131778 -0.427514
Input-Hidden 0.186876 0.3731 0.422111
Input-Hidden -0.0978721 -0.274913 -0.466768
Input-Hidden -0.464365 -0.164304 0.329874
Input-Hidden 0.102811 -0.151513 -0.352038
Input-Hidden -0.0239175 -0.400711 0.319135
Input-Hidden -0.218686 0.284681 0.20455
Input-Hidden -0.493731 -0.246204 0.408495
Input-Hidden 0.162863 -0.293892 -0.193314
Input-Hidden 0.37454 -0.0720336 0.126563
Input-Hidden -0.385348 0.00693683 -0.179644
Input-Hidden 0.260487 -0.292479 -0.508821
Input-Hidden -0.0376023 0.458328 0.190102
Input-Hidden 0.144909 -0.440212 -0.341037
Input-Hidden 0.203055 -0.2545 0.464588
Input-Hidden 0.16493 -0.371546 -0.198799
Input-Hidden 0.358238 -0.364549 -0.462897
Input-Hidden -0.506148 0.0926282 0.0420943
Input-Hidden 0.0140735 -0.439244 -0.259889
Input-Hidden -0.301317 0.482551 -0.13902
Input-Hidden 0.00116174 0.00467611 -0.238198
Input-Hidden -0.360927 0.260549 -0.140171
Input-Hidden -0.53851 -0.0453894 -0.0589265
Input-Hidden 0.0390492 -0.430984 -0.025466
Input-Hidden -0.0734874 -0.437489 -0.28993
Input-Hidden 0.100258 -0.00383129 0.285078
Input-Hidden -0.458552 -0.0250942 -0.419703
Input-Hidden 0.116033 0.15189 -0.261549
Input-Hidden -0.341648 -0.119285 0.143095
Input-Hidden -0.365402 0.451682 0.479327
Input-Hidden -0.400656 0.182398 0.413417
Input-Hidden 0.0235675 0.22989 0.0467718
Input-Hidden 0.362764 -0.0839968 0.0409399
Input-Hidden 0.116115 0.0138928 -0.1767
Input-Hidden 0.0407386 -0.0864446 -0.507781
Input-Hidden -0.425473 -0.140596 -0.421508
Input-Hidden -0.198377 0.113216 0.314296
Input-Hidden -0.379978 -0.0224409 0.393534
Input-Hidden 0.306535 -0.158558 0.365708
Input-Hidden 0.122846 -0.21692 0.201418
Input-Hidden -0.265838 -0.0976943 0.0392107
Input-Hidden 0.450614 -0.119696 0.186088
Input-Hidden 0.263207 0.274543 0.0480583
Input-Hidden 0.236242 -0.205541 0.322838
Input-Hidden -0.020076 0.428975 0.278927
Input-Hidden 0.347043 0.204874 -0.456316
Input-Hidden 0.114553 0.197565 -0.184576
Input-Hidden 0.224367 -0.379274 -0.427624
Input-Hidden -0.0354734 -0.375718 -0.369139
Input-Hidden -0.168506 0.4185 0.262331
Input-Hidden 0.0744828 0.472581 0.419173
Input-Hidden -0.0556632 -0.300363 -0.126281
Input-Hidden 0.428844 0.431732 -0.47961
Input-Hidden 0.371556 0.0613487 -0.18579
Input-Hidden 0.0868012 0.221889 -0.162471
Input-Hidden -0.0497179 -0.315353 0.294557
Input-Hidden -0.415389 0.33164 0.440691
Input-Hidden 0.165406 -0.110946 0.235124
Input-Hidden -0.412215 -0.169528 0.152618
Input-Hidden -0.0214115 0.0123432 -0.307017
Input-Hidden 0.158896 -0.0766745 0.081166
Input-Hidden 0.299624 -0.291896 0.023089
Input-Hidden 0.0670893 -0.458726 -0.370827
Input-Hidden -0.337303 0.407497 -0.36503
Input-Hidden 0.341519 -0.211089 -0.340827
Input-Hidden 0.361256 -0.0141016 -0.339342
Input-Hidden 0.582482 0.118522 -0.394672
Input-Hidden 0.526249 -0.379067 -0.503604
Input-Hidden -0.0845915 0.322238 0.251852
Input-Hidden 0.307271 -0.17568 0.0475181
Input-Hidden 0.416425 -0.461848 0.264856
Input-Hidden 0.23146 0.294615 0.281699
Input-Hidden 0.318967 -0.220073 -0.427536
Input-Hidden -0.213515 0.418631 -0.40398
Input-Hidden -0.104094 0.195979 -0.0421688
Input-Hidden 0.596791 0.258128 0.104536
Input-Hidden 0.185801 0.241102 -0.0906001
Input-Hidden -0.0536361 -0.466308 0.0514288
Input-Hidden 0.0223806 -0.438965 0.0335094
Input-Hidden -0.183958 0.118087 -0.252362
Input-Hidden 0.574043 -0.283902 -0.317391
Input-Hidden 0.523485 0.169333 -0.0238049
Input-Hidden 0.278903 -0.204235 -0.0773594
Input-Hidden 0.471709 -0.498927 0.401486
Input-Hidden 0.412683 0.140341 0.431861
Input-Hidden 0.568934 -0.0551899 -0.101457
Input-Hidden 0.154831 0.264166 0.441086
Input-Hidden -0.33427 -0.257415 -0.113498
Input-Hidden 0.189408 0.39398 0.485671
Input-Hidden -0.311299 0.329088 0.0142485
Input-Hidden -0.242672 0.425673 0.00271012
Input-Hidden 0.414777 0.422933 0.439352
Input-Hidden -0.279234 0.172646 0.321643
Input-Hidden -0.0354297 0.313146 -0.406612
Input-Hidden 0.0165476 0.0757028 -0.206299
Input-Hidden -0.0363382 -0.42954 -0.451132
Input-Hidden 0.431452 -0.14805 -0.169536
Input-Hidden 0.523724 -0.416105 -0.248731
Input-Hidden -0.220075 0.392985 0.444669
Input-Hidden 0.411516 -0.15189 -0.353294
Input-Hidden 0.224377 0.0919833 0.376078
Input-Hidden 0.653601 -0.158446 -0.0607906
Input-Hidden 0.328789 -0.220942 0.434772
Input-Hidden 0.603825 -0.372326 0.375215
Input-Hidden 0.351454 0.391478 -0.0148767
Input-Hidden 0.0890507 0.319928 -0.246863
Input-Hidden 0.622967 -0.0440474 -0.275128
Input-Hidden 0.0638218 0.235803 0.1558
Input-Hidden -0.203973 0.322478 -0.48286
Input-Hidden 0.137299 0.101525 0.295649
Input-Hidden 0.605169 0.248493 -0.368859
Input-Hidden 0.256551 0.250934 -0.317088
Input-Hidden -0.14633 -0.336676 0.191702
Input-Hidden -0.220331 0.355658 -0.084313
Input-Hidden 0.21665 -0.394289 -0.219177
Input-Hidden 0.383488 0.18939 0.270932
Input-Hidden 0.263597 0.130523 0.222738
Input-Hidden -0.123166 0.0612667 0.405665
Input-Hidden 0.553356 0.253313 -0.0104334
Input-Hidden 0.180059 0.411709 0.486112
Input-Hidden 0.239401 -0.053727 0.00902915
Input-Hidden -0.139765 0.298842 0.413667
Input-Hidden 0.33943 0.467097 -0.226009
Input-Hidden 0.36288 -0.394908 0.0769769
Input-Hidden 0.188146 -0.0461486 -0.356404
Input-Hidden 0.628286 -0.233989 0.415433
Input-Hidden 0.0443716 0.461148 -0.382487
Input-Hidden -0.297254 -0.320662 -0.333158
Input-Hidden -0.125744 -0.496382 0.157701
Hidden-Output 5.96851
Hidden-Output -0.404546
Hidden-Output -0.732652
Hidden Biases 2.47508
Hidden Biases -0.293726
Hidden Biases -0.783708
Output Biases -2.95527
