ApplyInputSize 1600
ApplyHiddenSize 3
ApplyOutputSize 1
ApplyLearningRate 0.03
Input-Hidden 1.43911 -0.17091 1.46875
Input-Hidden 0.736792 -0.250421 0.181635
Input-Hidden 0.296723 -0.497045 0.761239
Input-Hidden 0.244628 -0.587043 0.528504
Input-Hidden 0.0660718 0.0267084 0.297389
Input-Hidden 0.157478 -0.340575 -0.0953319
Input-Hidden -0.260342 -0.53485 0.270303
Input-Hidden 0.435642 -0.00830751 -0.233459
Input-Hidden -0.10389 -0.625786 0.219085
Input-Hidden 0.188742 -0.109302 -0.033726
Input-Hidden 0.297957 0.127015 0.00979149
Input-Hidden 0.828935 -0.23885 0.486833
Input-Hidden 0.684087 -0.373353 0.494017
Input-Hidden 0.385585 -0.273971 0.607511
Input-Hidden 0.236774 -0.507948 0.342011
Input-Hidden 0.439645 -0.0571021 0.320073
Input-Hidden 0.625215 -0.367463 0.194949
Input-Hidden -0.0290787 -0.608187 -0.309166
Input-Hidden 0.000807268 -0.552676 0.129275
Input-Hidden 0.319182 0.0795767 0.355883
Input-Hidden -0.022717 -0.207154 0.556074
Input-Hidden -0.0728038 0.147474 0.321099
Input-Hidden 0.526901 -0.238144 0.073582
Input-Hidden 0.747453 -0.368173 0.336473
Input-Hidden -0.135142 -0.241087 -0.250372
Input-Hidden -0.080401 -0.0886642 0.710721
Input-Hidden 0.702438 0.00859421 0.331327
Input-Hidden -0.291563 -0.321195 0.241311
Input-Hidden 0.631495 0.122459 0.287062
Input-Hidden 0.0461272 -0.539274 0.406234
Input-Hidden 0.169848 -0.140401 0.479452
Input-Hidden 0.723822 -0.525729 -0.0791936
Input-Hidden -0.00912379 -0.185551 0.257854
Input-Hidden 0.0375218 -0.11184 0.405996
Input-Hidden -0.039641 -0.574644 0.423453
Input-Hidden 0.0750277 -0.686499 0.192516
Input-Hidden 0.0810713 -0.0464461 0.250022
Input-Hidden 0.385706 -0.514115 0.0480051
Input-Hidden 0.314521 -0.216589 0.649751
Input-Hidden 0.351762 -0.488998 0.0401956
Input-Hidden 0.504582 -0.369286 0.481853
Input-Hidden -0.208179 0.17169 0.0778807
Input-Hidden -0.0640042 0.106798 -0.306964
Input-Hidden 0.000140077 -0.188882 0.59073
Input-Hidden -0.342446 -0.00356747 -0.270151
Input-Hidden 0.598159 0.0543675 0.182129
Input-Hidden 0.296205 -0.379822 0.364351
Input-Hidden -0.265193 -0.0284054 0.368931
Input-Hidden 0.457226 -0.575397 0.309928
Input-Hidden 0.183355 0.31136 -0.255754
Input-Hidden -0.159527 -0.0101405 -0.0545722
Input-Hidden 0.276338 -0.190113 -0.207221
Input-Hidden 0.37497 -0.104917 0.336977
Input-Hidden 0.411437 0.128707 -0.2692
Input-Hidden -0.259759 -0.155133 0.379209
Input-Hidden -0.0577716 0.366494 -0.246229
Input-Hidden 0.469899 0.262586 0.178512
Input-Hidden 0.152228 0.0925404 0.291139
Input-Hidden 0.307824 0.245692 0.500505
Input-Hidden -0.460357 0.352155 -0.234356
Input-Hidden 0.290822 -0.193479 0.245151
Input-Hidden -0.353824 -0.188976 -0.12389
Input-Hidden -0.0277529 -0.518293 -0.0812797
Input-Hidden 0.500041 0.278482 0.12202
Input-Hidden 0.488601 -0.32937 0.190472
Input-Hidden 0.313446 -0.299613 -0.0676143
Input-Hidden -0.440375 -0.0520098 -0.0319905
Input-Hidden 0.459438 -0.283286 0.247366
Input-Hidden 0.422417 0.170644 -0.0191518
Input-Hidden -0.0629174 0.0449022 0.0181297
Input-Hidden -0.274121 -0.466945 -0.533835
Input-Hidden 0.19409 0.455517 -0.27361
Input-Hidden 0.301878 0.416661 -0.0943568
Input-Hidden 0.33579 -0.245967 0.283901
Input-Hidden 0.0688405 0.0638706 0.446171
Input-Hidden -0.31614 0.181873 -0.360265
Input-Hidden -0.193731 0.378314 0.244321
Input-Hidden -0.458013 -0.434892 -0.240316
Input-Hidden 0.0822743 0.282898 -0.22149
Input-Hidden 0.437743 0.102733 0.0151895
Input-Hidden -0.527268 0.37994 -0.312727
Input-Hidden 0.0233669 -0.304182 0.19402
Input-Hidden -0.19103 0.499704 -0.582125
Input-Hidden 0.112125 0.276218 0.270626
Input-Hidden -0.467721 -0.143106 -0.126618
Input-Hidden -0.506334 -0.22221 0.285804
Input-Hidden 0.0174825 0.0613493 -0.425999
Input-Hidden 0.385171 0.0491025 0.204438
Input-Hidden 0.104026 -0.45522 -0.236309
Input-Hidden 0.404054 -0.208151 -0.485905
Input-Hidden -0.615286 0.155651 -0.55412
Input-Hidden -0.515853 -0.424854 -0.0772709
Input-Hidden 0.192255 -0.0650217 0.0437934
Input-Hidden 0.262643 0.136267 0.238015
Input-Hidden -0.141747 -0.233305 0.00305913
Input-Hidden -0.436123 0.383344 0.359031
Input-Hidden 0.180823 0.0300781 -0.0784346
Input-Hidden -0.546878 0.086765 -0.428288
Input-Hidden -0.531466 0.266401 0.20947
Input-Hidden -0.482775 0.321165 -0.015463
Input-Hidden -0.130246 0.225026 0.202893
Input-Hidden 0.16164 0.286744 0.375565
Input-Hidden 0.0140507 -0.122511 -0.43212
Input-Hidden 0.272126 -0.183352 0.30317
Input-Hidden 0.252669 -0.465729 -0.433145
Input-Hidden -0.281995 0.500886 -0.50462
Input-Hidden -0.0926525 -0.146318 0.238062
Input-Hidden -0.177994 -0.491022 0.300568
Input-Hidden -0.135118 -0.178166 -0.423221
Input-Hidden 0.34096 -0.346185 -0.226358
Input-Hidden 0.439685 0.325172 -0.387041
Input-Hidden 0.347209 -0.379312 -0.187821
Input-Hidden 0.228708 0.482435 -0.179237
Input-Hidden 0.269663 0.0469541 -0.100092
Input-Hidden -0.155734 0.112106 -0.442263
Input-Hidden -0.549244 -0.34417 -0.308225
Input-Hidden 0.223839 -0.230035 -0.44881
Input-Hidden -0.370454 -0.286401 -0.159272
Input-Hidden -0.0394426 -0.371518 -0.2295
Input-Hidden -0.056497 0.19354 -0.115109
Input-Hidden -0.516157 -0.321241 -0.0297013
Input-Hidden -0.514734 0.283921 0.361578
Input-Hidden -0.139954 0.199839 -0.514566
Input-Hidden 0.00757744 0.121048 0.0423935
Input-Hidden -0.449474 -0.447423 0.331431
Input-Hidden -0.418099 -0.0250589 -0.351215
Input-Hidden -0.124761 0.0279406 -0.360526
Input-Hidden -0.439473 0.229297 0.229564
Input-Hidden -0.526973 -0.139415 -0.50859
Input-Hidden -0.56419 -0.406789 -0.42687
Input-Hidden 0.307404 -0.0866051 -0.470326
Input-Hidden 0.37569 0.255497 -0.00511437
Input-Hidden -0.133584 -0.116051 -0.35306
Input-Hidden -0.332161 0.462049 0.2801
Input-Hidden -0.502814 -0.0360873 -0.554536
Input-Hidden -0.0680064 -0.358054 -0.380842
Input-Hidden -0.422645 0.416883 0.114407
Input-Hidden -0.226499 0.00734638 -0.12316
Input-Hidden -0.233944 -0.327104 -0.543826
Input-Hidden 0.0551922 -0.101723 0.247748
Input-Hidden -0.595203 0.418786 -0.613601
Input-Hidden -0.606106 -0.0650135 0.227023
Input-Hidden -0.09902 0.381887 -0.137958
Input-Hidden 0.331922 -0.116329 -0.304964
Input-Hidden -0.508678 0.385635 -0.286029
Input-Hidden -0.671318 -0.210819 -0.333388
Input-Hidden -0.424524 0.49858 -0.608194
Input-Hidden 0.199615 -0.223905 -0.417205
Input-Hidden -0.0664024 -0.203854 -0.224356
Input-Hidden -0.141708 -0.319729 0.12129
Input-Hidden -0.0554806 0.456899 0.12943
Input-Hidden -0.150497 0.144761 -0.33717
Input-Hidden -0.416233 0.296627 -0.136844
Input-Hidden -0.595281 0.369538 -0.682749
Input-Hidden -0.288608 0.133756 -0.691098
Input-Hidden -0.683 0.194156 -0.506856
Input-Hidden -0.229987 0.590804 0.222573
Input-Hidden 0.169146 -0.134698 -0.603373
Input-Hidden 0.0595139 0.223487 -0.0488736
Input-Hidden -0.147875 -0.0645162 0.257514
Input-Hidden -0.214298 0.342128 0.151765
Input-Hidden -0.410285 0.227048 -0.2314
Input-Hidden -0.759943 0.437813 0.0852428
Input-Hidden -0.671866 -0.214183 -0.73179
Input-Hidden -0.509539 0.522554 -0.132565
Input-Hidden -0.683865 -0.374092 -0.652135
Input-Hidden -0.226934 0.400129 0.0784468
Input-Hidden -0.472276 0.472785 -0.251727
Input-Hidden -0.442867 -0.314927 -0.511396
Input-Hidden 0.0457542 0.174955 -0.47439
Input-Hidden -0.205027 -0.371348 -0.466076
Input-Hidden -0.399981 0.452043 -0.0650785
Input-Hidden 0.00659681 -0.20582 -0.482417
Input-Hidden -0.379475 -0.223533 -0.153129
Input-Hidden -0.575596 0.495527 0.160905
Input-Hidden -0.482978 -0.335 0.0325211
Input-Hidden -0.554602 -0.212718 -0.0181139
Input-Hidden -0.115012 0.362151 -0.251283
Input-Hidden 0.0454662 -0.0206847 -0.479427
Input-Hidden -0.633932 0.242822 -0.301289
Input-Hidden -0.646142 0.56466 0.283735
Input-Hidden -0.081411 0.000364908 -0.302196
Input-Hidden 0.037961 -0.27306 -0.311339
Input-Hidden -0.2722 -0.379295 -0.0582476
Input-Hidden 0.309673 -0.116781 -0.472603
Input-Hidden -0.40974 -0.107037 -0.606019
Input-Hidden -0.568425 0.338055 0.261321
Input-Hidden -0.256021 -0.267071 -0.0827434
Input-Hidden 0.367283 0.416609 0.0931529
Input-Hidden 0.278764 -0.0866225 -0.371349
Input-Hidden -0.570377 0.364965 0.214495
Input-Hidden 0.297288 -0.0982117 -0.34973
Input-Hidden 0.0295457 -0.342063 -0.150336
Input-Hidden -0.36324 0.00893656 -0.457076
Input-Hidden 0.00447461 0.0148415 -0.240917
Input-Hidden -0.24597 -0.0246674 0.0538611
Input-Hidden -0.279116 0.094386 -0.460437
Input-Hidden -0.536271 0.510017 -0.0929045
Input-Hidden 0.215324 0.0396546 0.42259
Input-Hidden -0.308755 0.313073 0.233108
Input-Hidden -0.0293267 -0.0357156 0.304714
Input-Hidden 0.166045 0.0361922 -0.18459
Input-Hidden 0.33651 -0.392629 0.303998
Input-Hidden 0.340969 0.199141 -0.288511
Input-Hidden -0.424082 0.31954 0.431697
Input-Hidden 0.157906 0.274095 -0.179102
Input-Hidden 0.358182 0.0867008 -0.216293
Input-Hidden -0.165944 0.332326 0.292249
Input-Hidden 0.139237 -0.375256 0.386874
Input-Hidden -0.0598992 -0.283689 0.0132726
Input-Hidden -0.173704 -0.00597582 0.373893
Input-Hidden -0.146828 -0.00783722 0.0430748
Input-Hidden 0.145683 -0.358012 0.154868
Input-Hidden 0.22321 0.0842731 0.154954
Input-Hidden 0.116474 0.33009 -0.387068
Input-Hidden -0.548502 0.239068 -0.252423
Input-Hidden -0.427413 -0.435659 -0.528552
Input-Hidden 0.139992 0.455689 -0.322306
Input-Hidden -0.550796 -0.405957 -0.0105727
Input-Hidden 0.0970422 0.244637 -0.194627
Input-Hidden 0.361718 -0.380778 0.216585
Input-Hidden 0.27472 -0.395531 -0.0170799
Input-Hidden 0.0640132 -0.37464 0.154581
Input-Hidden -0.49669 -0.2542 -0.252435
Input-Hidden 0.0418478 -0.229907 -0.175544
Input-Hidden -0.293454 -0.0580989 0.0896466
Input-Hidden -0.301085 0.502747 0.218002
Input-Hidden 0.106037 -0.354347 0.0769419
Input-Hidden -0.0947893 -0.14984 0.0758984
Input-Hidden -0.444836 0.235494 -0.265371
Input-Hidden 0.325698 -0.22958 -0.0690807
Input-Hidden -0.215677 0.326973 -0.263769
Input-Hidden -0.532303 -0.318072 -0.558775
Input-Hidden 0.252212 -0.429141 -0.0227505
Input-Hidden 0.341322 0.0609232 -0.418179
Input-Hidden -0.454464 -0.13462 -0.34515
Input-Hidden -0.0864571 0.479124 -0.231469
Input-Hidden 0.336195 -0.0938171 -0.134096
Input-Hidden 0.421298 -0.447425 -0.304039
Input-Hidden 0.394513 0.303657 0.3971
Input-Hidden -0.0625826 0.486035 0.290266
Input-Hidden -0.475115 0.458613 -0.362712
Input-Hidden -0.490485 0.292963 -0.322884
Input-Hidden -0.371518 0.22515 -0.103241
Input-Hidden 0.238867 0.483854 -0.0750075
Input-Hidden 0.0244548 0.360773 0.14211
Input-Hidden 0.234111 -0.293079 0.450797
Input-Hidden -0.212793 0.256926 0.172352
Input-Hidden -0.470457 -0.351871 -0.399359
Input-Hidden 0.00463461 -0.0416875 0.271157
Input-Hidden 0.176901 -0.472125 0.292741
Input-Hidden -0.148575 0.180844 -0.515991
Input-Hidden -0.209556 0.264683 0.0204312
Input-Hidden 0.204178 -0.00999231 -0.0744805
Input-Hidden 0.0448624 0.218611 -0.372719
Input-Hidden -0.347373 0.284135 -0.403824
Input-Hidden 0.227445 -0.467951 0.0495127
Input-Hidden 0.254972 -0.0441443 0.0619746
Input-Hidden -0.00656262 0.275755 -0.183227
Input-Hidden 0.0160593 0.298684 0.367244
Input-Hidden -0.369 0.364567 0.272527
Input-Hidden -0.170307 0.388214 -0.450962
Input-Hidden -0.429053 -0.419917 0.160878
Input-Hidden -0.120816 -0.149907 -0.258377
Input-Hidden 0.450735 0.0933116 -0.362274
Input-Hidden -0.168023 -0.319066 -0.207383
Input-Hidden 0.304291 -0.00132407 -0.153986
Input-Hidden -0.442628 -0.175399 0.0606242
Input-Hidden -0.210714 0.184598 0.314688
Input-Hidden 0.308918 -0.385659 -0.33137
Input-Hidden 0.272388 0.365411 -0.0452154
Input-Hidden -0.213298 0.197295 -0.0637037
Input-Hidden -0.134641 -0.188509 -0.112721
Input-Hidden -0.0114553 0.23166 0.277624
Input-Hidden 0.155453 0.289368 -0.192625
Input-Hidden 0.395518 0.0736574 -0.491617
Input-Hidden 0.369618 0.109739 0.180719
Input-Hidden 0.0222231 -0.0778054 -0.0217273
Input-Hidden -0.295392 -0.275785 0.269711
Input-Hidden 0.517499 0.434269 -0.425223
Input-Hidden 0.305857 -0.355391 0.0547921
Input-Hidden -0.261566 -0.354041 0.13622
Input-Hidden -0.397892 -0.141833 -0.176989
Input-Hidden -0.29604 0.193504 -0.226205
Input-Hidden -0.131464 0.328887 0.400418
Input-Hidden -0.0583938 0.122085 0.0268861
Input-Hidden 0.172248 0.124359 -0.491589
Input-Hidden 0.321864 0.230606 -0.0689156
Input-Hidden -0.20225 0.220401 -0.457187
Input-Hidden -0.0640516 -0.357028 -0.407115
Input-Hidden -0.109037 -0.0418258 -0.473395
Input-Hidden 0.142301 -0.234882 0.253618
Input-Hidden -0.334471 0.150484 0.368363
Input-Hidden 0.21049 -0.299217 0.041698
Input-Hidden 0.180898 0.213235 -0.263879
Input-Hidden 0.374707 0.117901 0.385415
Input-Hidden -0.209346 -0.0414005 0.439848
Input-Hidden 0.464254 -0.0419221 0.386211
Input-Hidden -0.0682186 -0.299574 0.110538
Input-Hidden -0.421907 -0.113826 0.397985
Input-Hidden 0.064455 0.333614 0.25648
Input-Hidden -0.146599 0.482995 -0.149462
Input-Hidden 0.254107 -0.205916 -0.380027
Input-Hidden -0.0409751 -0.442574 0.145958
Input-Hidden 0.396351 -0.448603 0.124962
Input-Hidden -0.452962 0.360142 -0.205592
Input-Hidden 0.0281832 -0.380504 -0.36439
Input-Hidden -0.191063 -0.0248295 0.354717
Input-Hidden 0.344148 0.467424 -0.145706
Input-Hidden -0.293622 -0.0900189 0.0421327
Input-Hidden -0.0652364 -0.170744 0.483888
Input-Hidden -0.0707181 0.310938 0.0989854
Input-Hidden -0.221823 0.428301 -0.00544441
Input-Hidden 0.258961 0.246836 -0.117358
Input-Hidden 0.391214 0.288819 0.16333
Input-Hidden -0.398408 0.0929938 -0.0058199
Input-Hidden 0.285667 -0.490607 -0.0230971
Input-Hidden 0.429695 -0.026791 0.184647
Input-Hidden -0.412135 -0.213225 0.258141
Input-Hidden 0.0883158 -0.16911 -0.26843
Input-Hidden -0.241566 0.368916 0.418346
Input-Hidden 0.0555115 -0.118284 -0.268578
Input-Hidden 0.0567707 0.153314 0.257775
Input-Hidden 0.262969 0.0348765 0.485184
Input-Hidden 0.0446518 -0.460038 0.173393
Input-Hidden -0.16843 -0.297428 0.359478
Input-Hidden -0.28047 -0.15344 -0.15291
Input-Hidden -0.430847 -0.0396651 -0.0649041
Input-Hidden 0.465006 0.230378 -0.284402
Input-Hidden -0.403994 0.204697 -0.014801
Input-Hidden -0.191866 0.358058 0.490462
Input-Hidden 0.288417 -0.103025 -0.156674
Input-Hidden 0.169212 -0.498613 -0.43165
Input-Hidden 0.0440484 0.354713 -0.44522
Input-Hidden 0.245159 0.465509 0.491842
Input-Hidden -0.0746258 0.433342 -0.439106
Input-Hidden 0.163069 -0.153039 0.340355
Input-Hidden 0.497428 0.352934 0.32085
Input-Hidden 0.256872 -0.14115 0.143342
Input-Hidden 0.136868 0.400995 -0.250757
Input-Hidden -0.362582 0.191434 -0.211208
Input-Hidden -0.342659 0.31672 0.0659808
Input-Hidden -0.432787 -0.0433844 -0.00535858
Input-Hidden 0.327001 0.00310145 0.136704
Input-Hidden -0.0930807 0.0762022 -0.102416
Input-Hidden 0.256989 -0.214153 0.102329
Input-Hidden -0.0154748 -0.467795 -0.0900913
Input-Hidden -0.05858 -0.23723 0.162535
Input-Hidden 0.145757 0.28791 0.0353393
Input-Hidden -0.323443 0.368052 -0.389711
Input-Hidden -0.361619 0.11416 -0.205909
Input-Hidden 0.226883 -0.00126853 -0.0666349
Input-Hidden 0.210682 -0.248527 0.0953142
Input-Hidden 0.506293 -0.0300784 0.339376
Input-Hidden 0.0107891 0.445338 -0.0168154
Input-Hidden -0.171887 0.142847 -0.339103
Input-Hidden 0.51311 -0.478691 0.390657
Input-Hidden -0.0951894 -0.205642 -0.0371623
Input-Hidden -0.0306181 0.168004 0.147375
Input-Hidden -0.297027 -0.213178 -0.173948
Input-Hidden 0.380492 0.142986 0.506531
Input-Hidden 0.0573477 -0.277696 0.459871
Input-Hidden 0.114505 0.224692 -0.0470052
Input-Hidden -0.360149 -0.148461 0.0898138
Input-Hidden -0.0466117 0.0346436 -0.1016
Input-Hidden -0.184079 0.0608862 0.0434264
Input-Hidden -0.0178517 -0.336374 0.517852
Input-Hidden 0.307633 -0.37002 0.588553
Input-Hidden 0.556537 0.164063 -0.117843
Input-Hidden 0.347547 0.265685 0.467231
Input-Hidden 0.496235 -0.309599 0.0780494
Input-Hidden 0.579025 0.103257 0.209004
Input-Hidden 0.0134095 -0.258844 0.343361
Input-Hidden 0.492618 0.0718558 0.0486594
Input-Hidden 0.367714 -0.375468 0.0642782
Input-Hidden -0.325994 0.332545 -0.0132848
Input-Hidden 0.524219 -0.0210252 0.35582
Input-Hidden -0.284322 -0.17734 -0.0409596
Input-Hidden 0.22483 0.443345 0.327211
Input-Hidden 0.128664 0.387713 0.566832
Input-Hidden -0.0785747 -0.0387104 0.472451
Input-Hidden 0.542266 0.127753 -0.37447
Input-Hidden 0.589141 -0.308582 0.205837
Input-Hidden -0.278022 0.388967 0.42162
Input-Hidden -0.133236 -0.474692 -0.111614
Input-Hidden 0.501747 -0.326626 -0.123869
Input-Hidden -0.357556 -0.439454 0.331349
Input-Hidden 0.101726 0.463472 0.507385
Input-Hidden -0.155429 0.0313424 0.0598481
Input-Hidden 0.283457 -0.540379 0.255213
Input-Hidden 0.565787 -0.482491 0.427207
Input-Hidden 0.463775 -0.178606 0.243155
Input-Hidden 0.115786 0.295979 -0.187987
Input-Hidden 0.0318555 0.284077 0.313172
Input-Hidden 0.584219 -0.3381 0.277079
Input-Hidden -0.289929 0.0148694 0.225397
Input-Hidden 0.475542 0.181275 0.370814
Input-Hidden 0.128617 0.355535 -0.143859
Input-Hidden 0.386841 0.183463 0.068001
Input-Hidden 0.416854 -0.398533 0.583216
Input-Hidden -0.220675 0.293222 0.180607
Input-Hidden 0.0349596 -0.387055 0.558144
Input-Hidden -0.00228676 -0.163722 0.059907
Input-Hidden -0.281351 -0.0438595 -0.106071
Input-Hidden 0.502696 0.410772 0.443743
Input-Hidden -0.145427 0.00767666 0.269667
Input-Hidden 0.162047 -0.113283 0.287856
Input-Hidden -0.353943 -0.192593 -0.069395
Input-Hidden 0.203395 -0.132537 -0.018372
Input-Hidden 0.299194 0.232362 0.531646
Input-Hidden -0.150154 -0.212395 -0.195994
Input-Hidden 0.0381285 0.217274 0.200364
Input-Hidden 0.490129 -0.406294 -0.150524
Input-Hidden 0.122615 -0.0764809 0.0194398
Input-Hidden 0.0474288 -0.461355 0.166725
Input-Hidden 0.382894 0.2517 0.171363
Input-Hidden -0.360509 0.0196299 0.533435
Input-Hidden -0.0617542 0.121035 -0.274971
Input-Hidden -0.323625 0.173827 0.000998132
Input-Hidden -0.0348928 0.380597 0.581805
Input-Hidden 0.504097 -0.348615 0.129026
Input-Hidden 0.302722 -0.086077 0.313907
Input-Hidden 0.616135 -0.351648 0.163767
Input-Hidden 0.608313 -0.185839 -0.359424
Input-Hidden 0.434129 -0.530969 0.024401
Input-Hidden 0.529953 -0.0525647 0.0862649
Input-Hidden -0.262203 -0.0452236 0.268272
Input-Hidden 0.0278691 -0.305755 0.0243957
Input-Hidden 0.434265 -0.160122 -0.0193944
Input-Hidden 0.0540825 -0.149038 -0.103862
Input-Hidden -0.364116 0.324471 0.0122835
Input-Hidden 0.576503 0.407016 0.139022
Input-Hidden 0.23983 0.171609 0.0913039
Input-Hidden 0.355494 0.13283 -0.0195747
Input-Hidden -0.116143 -0.0483152 -0.197942
Input-Hidden 0.556693 -0.073252 -0.393913
Input-Hidden -0.209678 0.170701 -0.121151
Input-Hidden 0.368283 -0.147229 0.254494
Input-Hidden 0.0312405 0.290072 -0.249117
Input-Hidden -0.169646 -0.483478 0.395737
Input-Hidden 0.55455 -0.308335 -0.34752
Input-Hidden 0.140483 0.337851 -0.375491
Input-Hidden 0.137994 0.435201 0.53925
Input-Hidden -0.241042 -0.316497 0.527681
Input-Hidden 0.12764 0.0354449 0.369498
Input-Hidden 0.471993 0.314916 -0.204939
Input-Hidden -0.204209 0.215081 -0.229662
Input-Hidden -0.103332 -0.51656 0.257473
Input-Hidden 0.1617 -0.0718596 -0.253249
Input-Hidden 0.278021 -0.16362 0.0630013
Input-Hidden 0.431082 0.0318982 0.533604
Input-Hidden 0.442229 -0.503106 -0.154025
Input-Hidden 0.241069 -0.173839 0.0854443
Input-Hidden 0.0751896 0.381686 0.268093
Input-Hidden 0.171876 -0.0806352 0.0342508
Input-Hidden 0.475662 0.251344 0.330951
Input-Hidden -0.205791 -0.205665 0.504269
Input-Hidden -0.109935 0.255532 -0.0902005
Input-Hidden -0.382433 -0.48713 0.505759
Input-Hidden 0.317315 0.392626 -0.300956
Input-Hidden -0.193311 -0.237543 0.249837
Input-Hidden -0.33693 0.0811172 0.294241
Input-Hidden 0.0837665 -0.101409 -0.370104
Input-Hidden -0.226245 -0.210722 -0.237154
Input-Hidden 0.0367633 0.13616 0.41079
Input-Hidden 0.447507 0.106741 -0.275994
Input-Hidden -0.156675 -0.213338 -0.174994
Input-Hidden 0.32585 0.173827 -0.381645
Input-Hidden -0.142941 -0.168385 -0.0187956
Input-Hidden -0.211975 0.230989 -0.119333
Input-Hidden 0.18028 -0.0600899 -0.0875371
Input-Hidden 0.553889 0.246196 -0.210012
Input-Hidden 0.158588 -0.345851 0.458374
Input-Hidden -0.101196 -0.146501 -0.183969
Input-Hidden 0.0131504 0.257665 -0.382688
Input-Hidden -0.256698 0.33193 -0.387184
Input-Hidden -0.359788 -0.130572 0.00162453
Input-Hidden -0.325057 -0.198662 0.238216
Input-Hidden -0.334306 -0.179237 0.421203
Input-Hidden -0.404989 -0.34357 -0.322903
Input-Hidden 0.0674299 0.15377 0.500171
Input-Hidden 0.396413 -0.229147 -0.240782
Input-Hidden -0.0837208 -0.123214 0.407911
Input-Hidden -0.133679 -0.462543 -0.185554
Input-Hidden 0.265872 -0.303355 0.12696
Input-Hidden -0.131531 -0.112517 -0.350438
Input-Hidden -0.406527 0.150218 0.285051
Input-Hidden 0.376908 0.20351 -0.158023
Input-Hidden -0.283488 -0.369059 -0.0809364
Input-Hidden 0.0983083 0.098606 -0.177584
Input-Hidden 0.176496 -0.354122 -0.279991
Input-Hidden -0.357073 -0.237699 0.0723004
Input-Hidden -0.0121264 0.440238 0.393239
Input-Hidden 0.0908875 0.455089 0.520926
Input-Hidden 0.231287 0.238812 -0.378689
Input-Hidden -0.138486 0.109943 0.0881198
Input-Hidden 0.241571 -0.258056 0.182247
Input-Hidden 0.0531068 0.140896 -0.360423
Input-Hidden 0.110303 0.134304 0.49204
Input-Hidden 0.396436 0.0431512 -0.355876
Input-Hidden 0.0779044 -0.0293873 -0.241434
Input-Hidden -0.139709 -0.313036 0.291493
Input-Hidden 0.0940964 0.404894 -0.24784
Input-Hidden -0.052116 0.411393 -0.404496
Input-Hidden 0.353502 0.305765 0.527758
Input-Hidden -0.248705 -0.0896189 0.463436
Input-Hidden 0.12675 0.144864 0.104127
Input-Hidden -0.401645 -0.0848887 -0.0461934
Input-Hidden 0.0852271 -0.489997 0.246759
Input-Hidden -0.103694 -0.263216 -0.0342157
Input-Hidden -0.259346 -0.0352863 0.024599
Input-Hidden -0.279486 -0.0283403 -0.426194
Input-Hidden -0.0886146 -0.0939498 -0.0722641
Input-Hidden -0.14731 0.24848 -0.403042
Input-Hidden -0.151778 0.476246 0.0702717
Input-Hidden -0.095405 0.390653 -0.404378
Input-Hidden 0.199089 0.24347 0.11749
Input-Hidden -0.0145049 0.437173 0.263805
Input-Hidden 0.419769 -0.298376 -0.419832
Input-Hidden 0.328913 0.40146 -0.349182
Input-Hidden -0.410105 -0.386861 0.0543061
Input-Hidden -0.309043 -0.213649 -0.352976
Input-Hidden -0.20352 -0.185866 0.337527
Input-Hidden 0.364432 -0.417406 0.493693
Input-Hidden -0.124859 0.151291 0.344419
Input-Hidden 0.447856 0.351239 0.269336
Input-Hidden -0.380465 0.284644 -0.0149907
Input-Hidden 0.347158 0.438655 -0.337
Input-Hidden -0.127772 -0.161846 -0.376956
Input-Hidden 0.398302 0.319463 0.314167
Input-Hidden -0.202313 -0.228648 0.241166
Input-Hidden -0.314578 -0.0351324 0.132079
Input-Hidden 0.272141 -0.0602889 -0.113613
Input-Hidden 0.375663 -0.356816 -0.0873338
Input-Hidden 0.250069 -0.135649 0.514436
Input-Hidden -0.0746413 0.0963486 0.309277
Input-Hidden 0.525853 0.430618 0.255656
Input-Hidden 0.589053 -0.00462868 -0.140399
Input-Hidden -0.211141 0.0386195 -0.0342326
Input-Hidden 0.335805 0.312418 -0.326234
Input-Hidden -0.0086434 0.150676 0.31122
Input-Hidden 0.244592 0.466416 -0.207255
Input-Hidden 0.211335 -0.171981 -0.162008
Input-Hidden 0.206195 0.322204 0.036586
Input-Hidden 0.0282398 -0.278997 0.208186
Input-Hidden 0.532216 0.0659706 -0.0382256
Input-Hidden 0.470195 -0.322667 -0.256672
Input-Hidden 0.420651 0.129625 -0.266971
Input-Hidden 0.0183737 0.232436 0.523934
Input-Hidden -0.356792 -0.0424228 0.10351
Input-Hidden 0.145249 -0.456924 -0.200456
Input-Hidden 0.0276716 0.328555 0.178129
Input-Hidden -0.354266 -0.279086 -0.218679
Input-Hidden -0.428538 0.0998523 -0.161992
Input-Hidden 0.548557 0.486037 -0.287162
Input-Hidden 0.0472706 -0.139069 -0.22716
Input-Hidden -0.325727 -0.00631911 -0.388371
Input-Hidden -0.0954748 0.020704 0.523336
Input-Hidden 0.0940432 0.446737 0.24028
Input-Hidden -0.395203 -0.500308 0.127082
Input-Hidden -0.284982 -0.407003 -0.0139778
Input-Hidden 0.176866 0.100743 0.0508912
Input-Hidden 0.425786 -0.433147 0.205643
Input-Hidden 0.0782493 -0.372132 -0.202022
Input-Hidden -0.379242 -0.09905 -0.341858
Input-Hidden 0.055288 0.494423 0.35726
Input-Hidden 0.266613 0.0284328 -0.172849
Input-Hidden 0.0805167 0.0730051 0.375368
Input-Hidden -0.186539 0.144367 0.0585838
Input-Hidden 0.487186 0.116139 -0.231731
Input-Hidden -0.180706 -0.0624899 -0.0624299
Input-Hidden 0.11522 -0.398145 0.309068
Input-Hidden 0.312951 -0.258294 0.066809
Input-Hidden -0.0675894 0.158108 -0.128697
Input-Hidden 0.447652 0.0910356 0.538336
Input-Hidden -0.216113 0.245129 0.194298
Input-Hidden -0.185213 0.345191 -0.194126
Input-Hidden 0.0364305 0.351102 0.167113
Input-Hidden -0.269048 0.343317 -0.406257
Input-Hidden -0.463123 -0.0117434 0.295058
Input-Hidden 0.0556643 0.227292 0.426737
Input-Hidden 0.142565 0.254478 0.484867
Input-Hidden -0.439537 0.119633 0.362544
Input-Hidden 0.110994 0.00119687 0.0201749
Input-Hidden 0.0715174 0.164196 0.187494
Input-Hidden 0.303375 0.139122 -0.245959
Input-Hidden 0.128677 0.144927 0.0922406
Input-Hidden 0.449711 -0.269566 0.188186
Input-Hidden -0.0953858 -0.174571 0.28483
Input-Hidden -0.388758 -0.402756 -0.473468
Input-Hidden 0.489833 -0.322476 0.183094
Input-Hidden -0.314437 -0.359659 0.0778368
Input-Hidden 0.494571 0.428575 -0.283571
Input-Hidden -0.289873 0.342168 0.0315991
Input-Hidden 0.344495 0.354269 -0.420372
Input-Hidden -0.0715333 -0.211412 0.0544778
Input-Hidden -0.304997 -0.228689 0.0276267
Input-Hidden -0.208649 0.448799 -0.344224
Input-Hidden 0.103065 0.0475145 -0.108019
Input-Hidden -0.0966506 -0.287417 0.369244
Input-Hidden 0.417957 -0.243514 -0.348273
Input-Hidden 0.42589 -0.489296 0.0686661
Input-Hidden -0.0656928 -0.230649 -0.106149
Input-Hidden -0.463447 -0.0815395 0.0755283
Input-Hidden 0.315166 0.0199732 -0.0338902
Input-Hidden 0.094406 -0.0557982 -0.447332
Input-Hidden -0.123822 -0.0195055 0.137783
Input-Hidden -0.0516554 -0.0863183 0.201834
Input-Hidden 0.439327 -0.153721 0.239041
Input-Hidden 0.384095 -0.320538 0.228736
Input-Hidden 0.323005 0.313252 -0.217782
Input-Hidden -0.124883 0.251149 0.0644431
Input-Hidden 0.248322 0.471631 -0.265922
Input-Hidden -0.127753 0.011765 0.0506805
Input-Hidden -0.428984 0.394436 0.0612666
Input-Hidden -0.188188 0.197412 -0.365774
Input-Hidden -0.061676 0.450069 0.486769
Input-Hidden 0.0507852 0.439746 -0.413947
Input-Hidden 0.0987957 0.268775 -0.202135
Input-Hidden -0.111339 0.434887 -0.22833
Input-Hidden -0.242056 0.250983 0.332008
Input-Hidden -0.0537179 0.140854 -0.051057
Input-Hidden 0.00511503 0.470887 0.183717
Input-Hidden -0.319795 -0.154202 0.351141
Input-Hidden 0.141825 -0.0190983 -0.340797
Input-Hidden -0.0536937 0.284488 0.285331
Input-Hidden 0.549885 0.0333296 0.447084
Input-Hidden -0.092563 0.394248 -0.139817
Input-Hidden -0.388978 0.252338 -0.307777
Input-Hidden 0.434219 -0.270215 0.0357517
Input-Hidden -0.312291 -0.249111 0.143302
Input-Hidden -0.352099 0.105656 -0.122917
Input-Hidden 0.367122 -0.0241128 -0.172328
Input-Hidden -0.355123 0.0323633 0.177055
Input-Hidden 0.329989 -0.354105 0.431886
Input-Hidden 0.412213 -0.308247 -0.347892
Input-Hidden -0.117518 -0.465656 0.295684
Input-Hidden 0.11487 -0.160966 -0.359478
Input-Hidden 0.294571 0.260491 0.224878
Input-Hidden 0.0762924 0.216277 0.331396
Input-Hidden 0.111602 -0.409286 0.279469
Input-Hidden 0.2883 0.0251539 0.0637886
Input-Hidden 0.542148 -0.461432 0.32651
Input-Hidden 0.0262204 -0.449694 0.0901259
Input-Hidden -0.202432 0.120483 -0.106423
Input-Hidden 0.218031 -0.119058 -0.299493
Input-Hidden 0.318301 -0.100899 0.152348
Input-Hidden 0.328803 0.313025 -0.319038
Input-Hidden 0.193546 0.41858 0.0364278
Input-Hidden 0.267174 0.0165437 0.104815
Input-Hidden 0.363327 0.493266 -0.202443
Input-Hidden -0.350281 0.494644 -0.159568
Input-Hidden -0.475676 -0.234769 0.125566
Input-Hidden -0.0445435 -0.293533 0.45485
Input-Hidden -0.230073 -0.104756 -0.162399
Input-Hidden 0.0129894 -0.0874657 0.448754
Input-Hidden -0.105923 0.382188 0.318537
Input-Hidden -0.00198932 -0.276757 0.322637
Input-Hidden 0.460937 -0.361473 -0.390873
Input-Hidden -0.210622 -0.396333 -0.416656
Input-Hidden -0.331967 -0.128795 -0.14638
Input-Hidden -0.152974 0.403646 0.0146021
Input-Hidden 0.162185 0.408379 0.494392
Input-Hidden 0.216803 0.00516988 0.422032
Input-Hidden 0.502892 -0.244523 0.476146
Input-Hidden -0.0692947 -0.160036 0.319467
Input-Hidden -0.240446 -0.344602 0.00387841
Input-Hidden -0.307686 0.442582 0.135929
Input-Hidden -0.0124366 -0.381111 -0.253901
Input-Hidden 0.0885471 -0.189139 -0.0250933
Input-Hidden 0.371349 0.242367 -0.427619
Input-Hidden 0.183689 -0.375822 -0.23672
Input-Hidden -0.201768 0.195795 -0.249243
Input-Hidden -0.28732 -0.198056 0.151969
Input-Hidden 0.190654 -0.0101243 0.0257797
Input-Hidden 0.0411727 -0.488646 0.105555
Input-Hidden 0.227217 0.0494852 -0.0679683
Input-Hidden -0.467774 0.386758 -0.439334
Input-Hidden -0.00246822 -0.328983 0.227869
Input-Hidden -0.399739 0.327241 -0.187285
Input-Hidden -0.157471 0.0539891 0.467235
Input-Hidden 0.159237 0.189405 0.0566236
Input-Hidden -0.213194 0.311043 0.224654
Input-Hidden -0.35952 0.397273 -0.479817
Input-Hidden 0.227837 0.473966 -0.0360183
Input-Hidden 0.110571 0.0710999 0.312772
Input-Hidden 0.275546 0.436842 0.317085
Input-Hidden 0.376264 0.0521133 0.308119
Input-Hidden -0.469643 -0.250209 -0.104046
Input-Hidden -0.0161948 -0.385137 -0.157998
Input-Hidden -0.428042 2.34282e-05 0.126737
Input-Hidden -0.153122 -0.395542 0.283842
Input-Hidden -0.212045 -0.149813 -0.4737
Input-Hidden -0.0165657 0.422297 0.432036
Input-Hidden -0.0691053 -0.229168 0.3417
Input-Hidden -0.418051 -0.313322 -0.210515
Input-Hidden -0.178548 0.219692 -0.157974
Input-Hidden -0.130578 0.398792 -0.270792
Input-Hidden -0.0191096 -0.209997 0.246494
Input-Hidden -0.160829 -0.208175 0.352921
Input-Hidden 0.311696 0.306176 -0.0940034
Input-Hidden 0.480131 -0.383964 -0.0490599
Input-Hidden 0.199655 -0.301101 -0.422167
Input-Hidden 0.175218 0.31266 -0.190424
Input-Hidden 0.483066 -0.443143 -0.279498
Input-Hidden 0.333172 -0.224885 -0.094848
Input-Hidden -0.0350992 -0.39753 -0.206831
Input-Hidden 0.288373 -0.0341379 0.412947
Input-Hidden -0.372395 -0.092533 -0.322002
Input-Hidden 0.277614 -0.0413521 0.108213
Input-Hidden -0.0339909 0.294931 0.281374
Input-Hidden 0.210974 0.0102433 -0.402382
Input-Hidden -0.41776 -0.218572 0.394855
Input-Hidden 0.372704 -0.274572 -0.111959
Input-Hidden -0.357495 0.384902 -0.0853758
Input-Hidden -0.291792 -0.0337727 0.183942
Input-Hidden -0.0156619 0.421542 -0.458891
Input-Hidden -0.37393 0.0771254 -0.167369
Input-Hidden 0.0237257 0.217221 0.0770671
Input-Hidden -0.0650986 0.307523 -0.35884
Input-Hidden 0.303097 -0.288188 0.37086
Input-Hidden 0.183281 0.511112 -0.00549572
Input-Hidden -0.345956 0.177604 -0.357856
Input-Hidden 0.458278 -0.161655 0.413342
Input-Hidden 0.148139 0.268184 0.263336
Input-Hidden -0.210556 -0.314252 0.36505
Input-Hidden 0.367937 0.228644 0.320909
Input-Hidden 0.17877 0.240603 -0.481195
Input-Hidden -0.0125407 -0.0920397 0.114553
Input-Hidden 0.273689 -0.253385 0.142067
Input-Hidden 0.138297 0.234991 0.468691
Input-Hidden 0.468563 -0.395392 -0.469715
Input-Hidden -0.257068 0.500693 -0.165083
Input-Hidden -0.434209 0.0325886 0.0313764
Input-Hidden -0.103157 -0.00230644 -0.0908466
Input-Hidden -0.357702 0.106277 -0.295491
Input-Hidden 0.0405824 -0.130272 0.373848
Input-Hidden 0.450238 0.127828 -0.433842
Input-Hidden 0.0983903 0.40474 0.320971
Input-Hidden 0.296687 -0.070324 -0.280033
Input-Hidden 0.447078 0.142579 -0.442706
Input-Hidden -0.0452589 -0.0682186 0.0912607
Input-Hidden -0.187285 -0.122222 -0.23688
Input-Hidden -0.375442 -0.295525 -0.298824
Input-Hidden 0.0776967 0.227325 -0.376059
Input-Hidden 0.10136 -0.194917 -0.178424
Input-Hidden 0.0363375 0.333364 -0.27261
Input-Hidden 0.155563 0.093447 -0.136093
Input-Hidden -0.512804 0.352051 0.338189
Input-Hidden -0.110855 0.396279 -0.288332
Input-Hidden -0.2435 -0.171026 0.0373272
Input-Hidden -0.278365 0.318631 0.244026
Input-Hidden -0.430362 0.0792882 0.043929
Input-Hidden -0.407537 0.313861 -0.127123
Input-Hidden 0.329443 0.183155 -0.13611
Input-Hidden 0.404795 -0.138141 0.0501549
Input-Hidden 0.42883 -0.0621219 0.351623
Input-Hidden 0.214466 -0.00366718 0.16369
Input-Hidden 0.100256 -0.346529 -0.431898
Input-Hidden 0.341216 0.366329 0.294368
Input-Hidden -0.378354 -0.39543 -0.301432
Input-Hidden -0.421799 0.245377 0.173874
Input-Hidden -0.0115599 0.172904 -0.140954
Input-Hidden -0.510003 -0.146131 0.462284
Input-Hidden -0.344128 -0.143829 0.349026
Input-Hidden -0.316225 -0.291626 0.0285034
Input-Hidden -0.291373 0.0257851 -0.34825
Input-Hidden 0.0575896 0.451319 -0.170662
Input-Hidden 0.178505 -0.407516 0.0273192
Input-Hidden -0.381514 0.484607 -0.0328257
Input-Hidden -0.548008 0.435886 0.207448
Input-Hidden -0.0501275 0.533306 0.349726
Input-Hidden -0.473515 -0.0453167 -0.345771
Input-Hidden 0.0463163 -0.470991 -0.484862
Input-Hidden 0.279601 0.0218616 -0.448905
Input-Hidden 0.228081 0.364576 -0.0267312
Input-Hidden 0.114069 0.231139 0.32307
Input-Hidden 0.0762506 -0.0267963 -0.105045
Input-Hidden -0.376579 -0.171224 0.375667
Input-Hidden -0.396805 -0.187694 0.180785
Input-Hidden -0.153981 -0.212803 -0.481744
Input-Hidden 0.294748 -0.39129 -0.0684531
Input-Hidden 0.326852 0.423328 -0.492954
Input-Hidden -0.401239 0.359914 0.0173419
Input-Hidden -0.43326 -0.085125 0.369361
Input-Hidden -0.24058 0.263007 0.386173
Input-Hidden -0.114801 0.0401927 0.430311
Input-Hidden -0.33916 0.40385 -0.259102
Input-Hidden -0.309027 0.442257 -0.280014
Input-Hidden 0.395832 -0.00208537 -0.410243
Input-Hidden 0.0323168 0.391733 -0.265337
Input-Hidden 0.350956 0.329783 -0.0281647
Input-Hidden 0.392729 0.328303 0.271334
Input-Hidden -0.157974 -0.344844 0.296978
Input-Hidden 0.157881 -0.261152 -0.304459
Input-Hidden 0.0916082 -0.31973 -0.536224
Input-Hidden -0.117839 -0.230191 -0.0508586
Input-Hidden 0.293673 0.159708 0.0956028
Input-Hidden 0.0715445 0.191143 0.312429
Input-Hidden -0.44385 0.50835 -0.51174
Input-Hidden -0.430879 0.48768 0.182805
Input-Hidden 0.233783 -0.186738 -0.0425572
Input-Hidden -0.349281 -0.256982 0.05378
Input-Hidden 0.413898 0.0676719 0.159559
Input-Hidden 0.0643033 0.371064 -0.325529
Input-Hidden 0.0310708 -0.060986 -0.364349
Input-Hidden 0.147678 -0.0597921 -0.181694
Input-Hidden -0.1043 -0.27723 0.0225002
Input-Hidden 0.0489784 0.0628963 -0.483222
Input-Hidden -0.417471 0.230069 -0.0657994
Input-Hidden -0.255884 -0.412814 -0.508859
Input-Hidden -0.148427 0.367658 0.193604
Input-Hidden -0.508177 0.0795378 -0.17445
Input-Hidden 0.272274 0.238566 -0.258972
Input-Hidden -0.247461 -0.309823 0.194427
Input-Hidden 0.120633 0.414487 -0.204033
Input-Hidden 0.380817 -0.336036 -0.10801
Input-Hidden -0.405305 0.134696 0.0584711
Input-Hidden 0.0989972 -0.105752 -0.269877
Input-Hidden -0.529052 0.386185 -0.45771
Input-Hidden 0.272111 0.259715 -0.168043
Input-Hidden 0.236206 0.35724 0.442372
Input-Hidden -0.0287865 0.444486 -0.365732
Input-Hidden 0.00759292 0.196533 0.201832
Input-Hidden -0.266103 0.429562 -0.462473
Input-Hidden -0.411769 0.171693 -0.304996
Input-Hidden -0.197493 0.18299 0.0389574
Input-Hidden -0.189002 0.377012 -0.566401
Input-Hidden -0.439597 0.486592 -0.300567
Input-Hidden -0.200451 -0.126184 -0.418613
Input-Hidden -0.312873 0.41431 -0.110955
Input-Hidden 0.233 0.0427869 0.156145
Input-Hidden -0.180497 -0.413963 -0.478346
Input-Hidden 0.0489171 -0.448779 0.0201268
Input-Hidden -0.112876 0.458141 0.262889
Input-Hidden 0.0752423 0.0270548 -0.53534
Input-Hidden -0.235322 0.163507 0.0410957
Input-Hidden -0.440447 0.18837 0.094189
Input-Hidden -0.496162 0.302066 0.26819
Input-Hidden -0.465964 0.0667684 -0.298239
Input-Hidden 0.408565 0.157667 -0.396183
Input-Hidden 0.365787 -0.0308173 -0.525144
Input-Hidden -0.531428 0.328748 -0.342938
Input-Hidden 0.0437965 0.133868 -0.473879
Input-Hidden 0.392938 0.290267 -0.242196
Input-Hidden 0.239686 -0.314348 -0.362007
Input-Hidden 0.226152 -0.172554 0.233347
Input-Hidden -0.308954 0.0849362 -0.493631
Input-Hidden 0.0750158 -0.0379328 0.376116
Input-Hidden -0.278761 0.0140165 0.35148
Input-Hidden -0.421032 -0.169892 0.20336
Input-Hidden -0.509535 -0.205188 0.153853
Input-Hidden 0.194542 0.486035 0.0503586
Input-Hidden -0.0713375 -0.454037 0.0466741
Input-Hidden 0.0541536 0.257741 -0.332567
Input-Hidden 0.0657285 -0.411914 -0.173903
Input-Hidden 0.0081302 0.525076 0.38242
Input-Hidden -0.164454 0.3838 0.313041
Input-Hidden -0.16926 -0.279122 -0.0496358
Input-Hidden 0.419348 0.390949 -0.239535
Input-Hidden 0.294527 -0.0100018 0.380679
Input-Hidden -0.298873 0.179708 0.183661
Input-Hidden 0.239148 0.182202 -0.354492
Input-Hidden -0.144035 0.467589 0.251858
Input-Hidden -0.507729 0.152777 -0.075678
Input-Hidden 0.338996 0.512082 0.423175
Input-Hidden 0.0243498 -0.296855 0.187079
Input-Hidden -0.27264 0.000314985 0.237024
Input-Hidden -0.253887 -0.119282 -0.138855
Input-Hidden 0.247007 0.235381 -0.227502
Input-Hidden -0.502085 0.352824 -0.0649303
Input-Hidden -0.292973 0.381323 -0.204907
Input-Hidden -0.482201 0.279609 0.0624997
Input-Hidden -0.203696 -0.0325037 -0.0695189
Input-Hidden 0.432594 -0.183123 0.30795
Input-Hidden -0.376258 -0.384838 0.373646
Input-Hidden -0.206476 0.329983 0.372827
Input-Hidden -0.247101 0.237362 -0.511331
Input-Hidden 0.142329 -0.449388 0.202133
Input-Hidden -0.503252 -0.362887 0.11194
Input-Hidden -0.438358 -0.217689 -0.301605
Input-Hidden 0.188943 0.428348 0.438803
Input-Hidden -0.416948 -0.014512 0.208873
Input-Hidden -0.449921 -0.155764 -0.271732
Input-Hidden -0.36048 0.104521 0.191086
Input-Hidden -0.446615 -0.0107797 -0.125326
Input-Hidden -0.404325 -0.203438 -0.359029
Input-Hidden 0.0159479 -0.195616 -0.325113
Input-Hidden -0.482121 0.512615 -0.115647
Input-Hidden 0.170733 0.303811 -0.0832331
Input-Hidden -0.353337 -0.333304 0.269594
Input-Hidden -0.0214816 0.32508 0.386722
Input-Hidden 0.0728857 0.0642008 0.411334
Input-Hidden 0.429327 0.387093 -0.200751
Input-Hidden -0.362122 -0.477972 0.318941
Input-Hidden -0.117428 -0.06505 0.167296
Input-Hidden -0.195948 -0.156164 0.232484
Input-Hidden -0.0866471 -0.0687666 0.220452
Input-Hidden -0.435365 -0.347178 0.0539534
Input-Hidden 0.263162 -0.208457 -0.173274
Input-Hidden 0.37066 -0.0939839 -0.244972
Input-Hidden -0.361332 -0.0251754 -0.256095
Input-Hidden 0.416465 -0.145265 0.248225
Input-Hidden -0.234102 0.323554 0.138569
Input-Hidden -0.466675 0.497249 -0.531424
Input-Hidden -0.348904 0.45506 0.393149
Input-Hidden -0.131016 -0.113407 -0.264403
Input-Hidden 0.178952 -0.457344 0.346019
Input-Hidden 0.308721 -0.106765 0.361157
Input-Hidden 0.173745 0.177495 0.267986
Input-Hidden -0.107731 0.179883 -0.0406557
Input-Hidden 0.450628 0.00430099 -0.43178
Input-Hidden -0.348877 0.360745 -0.110879
Input-Hidden -0.404018 0.3012 0.278534
Input-Hidden -0.166442 -0.426565 -0.153939
Input-Hidden -0.262527 -0.0996392 -0.0788353
Input-Hidden 0.237549 -0.132493 -0.244929
Input-Hidden 0.166054 0.0387464 -0.362563
Input-Hidden -0.117624 -0.359035 -0.376445
Input-Hidden 0.0421928 -0.158804 -0.455431
Input-Hidden 0.44338 -0.429007 0.247477
Input-Hidden -0.265702 0.318994 0.0575236
Input-Hidden 0.370282 0.345468 -0.226231
Input-Hidden -0.333573 0.00057002 -0.363959
Input-Hidden 0.23301 0.272159 -0.17445
Input-Hidden -0.446341 -0.366164 -0.305041
Input-Hidden -0.0187821 -0.0569861 0.069221
Input-Hidden -0.283626 0.16868 0.440739
Input-Hidden 0.18476 0.491356 -0.316363
Input-Hidden 0.207563 0.426719 0.31501
Input-Hidden -0.259593 0.493947 0.0652667
Input-Hidden 0.035185 0.296665 0.255092
Input-Hidden -0.44132 0.347283 0.126912
Input-Hidden 0.411189 0.17666 0.445444
Input-Hidden -0.177517 0.105081 0.140974
Input-Hidden -0.113211 0.169927 -0.388778
Input-Hidden -0.300242 0.0853603 -0.311745
Input-Hidden 0.361325 0.0291947 -0.174482
Input-Hidden -0.106536 0.320405 0.312862
Input-Hidden -0.212891 -0.269771 -0.259119
Input-Hidden 0.120957 0.399063 0.184075
Input-Hidden 0.128858 -0.401379 0.403993
Input-Hidden 0.182697 0.482746 -0.112925
Input-Hidden 0.22123 -0.21208 -0.177839
Input-Hidden 0.0621613 0.227367 0.124849
Input-Hidden 0.0182301 0.00178737 -0.441379
Input-Hidden -0.0798984 -0.206295 0.280043
Input-Hidden -0.496157 0.46243 -0.0142346
Input-Hidden 0.145204 0.282813 0.000556549
Input-Hidden 0.0832574 -0.113511 -0.485747
Input-Hidden -0.434212 -0.163486 0.249006
Input-Hidden 0.264904 0.314164 0.375767
Input-Hidden -0.143562 0.179582 -0.187059
Input-Hidden 0.097804 0.273166 -0.012912
Input-Hidden -0.192555 0.101433 0.184532
Input-Hidden 0.244324 0.287783 -0.385807
Input-Hidden -0.358719 -0.0542356 0.391695
Input-Hidden -0.449013 0.0441481 0.302644
Input-Hidden 0.4803 -0.467201 0.423201
Input-Hidden 0.40766 -0.391756 -0.465978
Input-Hidden -0.282935 0.293255 0.453234
Input-Hidden 0.0955673 0.0472493 0.313332
Input-Hidden 0.375081 0.457943 0.265642
Input-Hidden -0.485209 -0.353638 -0.0600239
Input-Hidden -0.411915 0.119556 -0.00746451
Input-Hidden 0.28322 -0.479261 -0.397728
Input-Hidden 0.297628 -0.0656011 -0.174167
Input-Hidden -0.026927 -0.113381 0.0849563
Input-Hidden -0.0565321 -0.302104 -0.439468
Input-Hidden -0.189048 -0.290681 -0.0942508
Input-Hidden 0.0337546 0.0177901 0.11901
Input-Hidden -0.368836 0.204024 0.248271
Input-Hidden -0.254198 0.091623 -0.0916173
Input-Hidden 0.219318 -0.464812 -0.428864
Input-Hidden -0.208041 -0.17543 -0.287225
Input-Hidden 0.358919 0.211482 -0.0529446
Input-Hidden -0.454227 0.141276 -0.151635
Input-Hidden 0.248455 0.23501 -0.0922853
Input-Hidden 0.0181208 -0.109312 -0.464579
Input-Hidden -0.486478 0.205443 -0.354018
Input-Hidden -0.215866 -0.343214 -0.278543
Input-Hidden 0.394531 -0.310553 -0.248109
Input-Hidden 0.329538 -0.0377999 0.465173
Input-Hidden 0.479968 0.48965 0.059437
Input-Hidden -0.207776 0.0632636 0.131667
Input-Hidden -0.484976 0.358083 -0.132126
Input-Hidden 0.455907 0.303603 0.151839
Input-Hidden -0.493475 0.300163 -0.249359
Input-Hidden 0.464392 0.220997 0.466763
Input-Hidden 0.147029 -0.444414 -0.467202
Input-Hidden -0.528163 -0.0962322 0.297849
Input-Hidden -0.153197 0.317545 -0.00723026
Input-Hidden -0.47101 -0.315282 0.00565987
Input-Hidden -0.0123007 0.253438 -0.383485
Input-Hidden -0.0919255 -0.17139 -0.417195
Input-Hidden -0.398651 0.049249 -0.04569
Input-Hidden 0.121424 -0.0741909 0.00678681
Input-Hidden -0.0800189 -0.393778 0.148346
Input-Hidden -0.371165 -0.291456 -0.0229086
Input-Hidden -0.238504 0.0724319 0.513107
Input-Hidden 0.32686 0.178285 0.281127
Input-Hidden 0.447868 -0.0893521 0.128972
Input-Hidden -0.45134 -0.126424 0.205633
Input-Hidden 0.207574 0.117057 0.126761
Input-Hidden -0.0121963 -0.0122619 0.163634
Input-Hidden -0.0432667 -0.0641298 -0.378321
Input-Hidden -0.35199 0.0551491 -0.433845
Input-Hidden 0.157736 0.166191 0.0138041
Input-Hidden -0.427679 0.213419 -0.499657
Input-Hidden 0.393237 0.166306 -0.444905
Input-Hidden -0.11413 0.153765 0.484206
Input-Hidden -0.261394 -0.0500868 0.191449
Input-Hidden 0.0369801 0.0774626 0.416428
Input-Hidden 0.370175 0.490508 0.00359818
Input-Hidden 0.0478836 0.149866 -0.350604
Input-Hidden 0.251589 0.312441 -0.490591
Input-Hidden 0.144843 0.241713 -0.126283
Input-Hidden -0.311729 0.189514 -0.429515
Input-Hidden 0.462288 0.323981 0.226721
Input-Hidden -0.290937 0.230001 0.166824
Input-Hidden 0.319334 -0.0108606 0.0955828
Input-Hidden -0.170515 0.100989 0.337642
Input-Hidden -0.390588 0.138982 0.140162
Input-Hidden -0.187404 -0.0256195 -0.513433
Input-Hidden -0.281314 0.326408 0.00790332
Input-Hidden -0.0738795 -0.160379 0.483239
Input-Hidden -0.382225 -0.147883 -0.00399775
Input-Hidden 0.431305 -0.0814457 -0.128192
Input-Hidden 0.281884 0.231818 -0.471952
Input-Hidden 0.112019 -0.0821801 0.388697
Input-Hidden -0.219624 0.300222 -0.313757
Input-Hidden -0.296055 -0.00384899 -0.17823
Input-Hidden -0.332862 -0.296041 0.0712977
Input-Hidden 0.249925 0.460993 -0.23445
Input-Hidden 0.480308 -0.226864 -0.364004
Input-Hidden 0.420149 -0.249904 0.255829
Input-Hidden 0.3325 -0.161873 0.456837
Input-Hidden 0.0960216 -0.381833 -0.132646
Input-Hidden -0.00815471 -0.458481 0.105895
Input-Hidden -0.325642 0.207578 0.112997
Input-Hidden -0.32491 -0.227283 -0.182606
Input-Hidden 0.247148 0.327121 -0.355225
Input-Hidden 0.123547 -0.150858 0.052779
Input-Hidden -0.474872 -0.357388 0.510802
Input-Hidden 0.273445 0.385196 0.308248
Input-Hidden 0.277651 0.227407 0.170878
Input-Hidden -0.248655 0.0504699 -0.406668
Input-Hidden 0.0245008 0.376521 -0.240166
Input-Hidden -0.288252 0.044217 -0.136782
Input-Hidden -0.174744 -0.179676 -0.268076
Input-Hidden 0.509878 -0.335006 -0.224594
Input-Hidden 0.234387 -0.479686 0.377367
Input-Hidden 0.314175 -0.0810533 0.05165
Input-Hidden 0.367813 0.447484 0.177899
Input-Hidden -0.486124 -0.0604655 -0.338852
Input-Hidden -0.301005 -0.00468695 -0.427222
Input-Hidden 0.160241 0.262038 0.175991
Input-Hidden 0.333566 0.118567 -0.163211
Input-Hidden 0.208244 -0.122869 0.203664
Input-Hidden 0.343751 -0.205763 -0.276916
Input-Hidden -0.432736 0.266079 -0.451814
Input-Hidden -0.362808 -0.142812 -0.138797
Input-Hidden -0.0701956 0.115119 0.50239
Input-Hidden 0.156564 -0.446588 0.0671241
Input-Hidden -0.268592 -0.284192 0.340429
Input-Hidden -0.280623 -0.405716 -0.136766
Input-Hidden 0.354309 -0.293479 0.228135
Input-Hidden 0.311986 -0.394738 -0.0659752
Input-Hidden 0.38162 0.269659 -0.287616
Input-Hidden 0.201824 0.384785 -0.285344
Input-Hidden -0.00984515 0.258023 0.213417
Input-Hidden -0.222845 -0.459491 0.385567
Input-Hidden 0.157438 0.487878 -0.431253
Input-Hidden 0.013316 -0.292127 -0.0042707
Input-Hidden -0.272763 0.371455 -0.13471
Input-Hidden 0.283633 0.464971 -0.150291
Input-Hidden 0.10145 0.252614 0.137874
Input-Hidden 0.419985 -0.234439 0.450395
Input-Hidden -0.336753 -0.143901 -0.483184
Input-Hidden -0.0901003 -0.0764607 -0.239078
Input-Hidden 0.225582 0.0376721 0.0954473
Input-Hidden -0.328927 -0.299329 -0.236135
Input-Hidden 0.0691145 -0.231588 0.16553
Input-Hidden -0.139323 -0.312414 -0.475976
Input-Hidden -0.232711 -0.493398 -0.405192
Input-Hidden 0.250203 0.369313 -0.485425
Input-Hidden 0.00376814 -0.497047 -0.00734128
Input-Hidden -0.298514 0.432698 -0.147695
Input-Hidden -0.415524 -0.195113 0.337332
Input-Hidden 0.18539 -0.225134 0.382054
Input-Hidden 0.105504 0.29347 -0.143727
Input-Hidden -0.00597322 0.435853 0.102107
Input-Hidden -0.186056 0.125731 -0.35464
Input-Hidden 0.299544 -0.248243 0.379715
Input-Hidden 0.22644 0.153213 0.221253
Input-Hidden 0.0567692 0.378228 0.175862
Input-Hidden 0.168021 -0.0275245 -0.359106
Input-Hidden -0.12533 -0.0309708 0.238686
Input-Hidden 0.420525 -0.330932 -0.222105
Input-Hidden 0.233751 0.320066 0.0147138
Input-Hidden 0.277966 -0.374516 -0.377789
Input-Hidden 0.00627925 -0.132586 -0.0355899
Input-Hidden 0.113793 -0.364441 0.292122
Input-Hidden 0.0500134 0.0328252 -0.0505851
Input-Hidden 0.320189 0.272297 -0.241725
Input-Hidden -0.484937 -0.339991 0.280943
Input-Hidden -0.422898 0.0497927 -0.371412
Input-Hidden -0.0951886 -0.319478 0.139158
Input-Hidden -0.29679 0.085654 0.432234
Input-Hidden 0.136738 -0.14032 0.312926
Input-Hidden 0.0757934 0.284376 -0.024217
Input-Hidden -0.0606523 -0.155 -0.370496
Input-Hidden 0.342688 0.0811983 -0.252073
Input-Hidden -0.391173 -0.37399 -0.0381336
Input-Hidden 0.201444 0.137164 -0.375141
Input-Hidden -0.430381 0.438303 0.216658
Input-Hidden -0.474177 -0.0166833 -0.253569
Input-Hidden 0.411713 0.378288 0.453049
Input-Hidden 0.163077 -0.47707 -0.218491
Input-Hidden -0.0806064 -0.0602761 0.0724185
Input-Hidden -0.17959 0.463785 -0.364776
Input-Hidden 0.202166 -0.200647 -0.195048
Input-Hidden -0.457755 0.419994 -0.351551
Input-Hidden 0.399917 -0.339758 0.203593
Input-Hidden 0.424158 -0.436726 0.207456
Input-Hidden -0.0323285 -0.227165 0.0851327
Input-Hidden 0.177415 -0.152756 0.22092
Input-Hidden 0.383807 -0.373415 0.320944
Input-Hidden -0.374664 0.421136 -0.246496
Input-Hidden 0.307221 -0.401301 -0.477844
Input-Hidden -0.351878 -0.365982 0.0277642
Input-Hidden -0.132788 -0.35231 -0.0738578
Input-Hidden -0.428203 0.0415732 -0.458512
Input-Hidden 0.225097 -0.364161 -0.33664
Input-Hidden -0.0864696 -0.317585 0.0988788
Input-Hidden -0.0610736 0.21682 0.0304489
Input-Hidden 0.371934 0.321474 -0.44565
Input-Hidden 0.0912842 -0.0466709 -0.0482227
Input-Hidden 0.114871 0.299219 -0.104714
Input-Hidden -0.482116 -0.273268 -0.175071
Input-Hidden -0.405861 0.0871464 0.333706
Input-Hidden -0.203777 0.163582 -0.479023
Input-Hidden -0.485021 -0.423898 -0.00254669
Input-Hidden -0.244173 -0.281032 0.361981
Input-Hidden -0.442323 0.335562 0.0917899
Input-Hidden 0.414584 -0.126325 0.282158
Input-Hidden -0.312948 0.29065 0.345672
Input-Hidden -0.295046 -0.36421 -0.330428
Input-Hidden -0.0765308 0.362696 0.258758
Input-Hidden 0.490966 0.0655407 0.102345
Input-Hidden 0.148864 0.2665 0.00345009
Input-Hidden 0.0881605 -0.111458 -0.119481
Input-Hidden 0.476309 0.0987234 0.274564
Input-Hidden 0.362471 -0.285878 0.334717
Input-Hidden 0.239771 -0.291435 0.035449
Input-Hidden -0.201317 -0.483087 -0.29932
Input-Hidden 0.0771067 0.203574 0.155017
Input-Hidden -0.518334 0.0823496 0.326574
Input-Hidden 0.349532 0.235139 0.198392
Input-Hidden -0.354763 0.239895 -0.507735
Input-Hidden -0.477433 0.406623 -0.492042
Input-Hidden 0.156446 -0.0600919 0.149483
Input-Hidden -0.438484 -0.309798 -0.449598
Input-Hidden 0.158843 -0.453836 -0.388354
Input-Hidden 0.198492 0.434429 0.455751
Input-Hidden -0.371836 0.16035 0.154167
Input-Hidden 0.129784 -0.0794769 -0.187045
Input-Hidden -0.432584 0.266734 -0.211138
Input-Hidden 0.348379 0.134197 0.207235
Input-Hidden -0.420697 -0.229873 0.199754
Input-Hidden 0.41339 -0.454865 0.0847905
Input-Hidden 0.407343 0.231495 -0.23653
Input-Hidden -0.411073 0.27521 -0.463348
Input-Hidden -0.270465 0.277735 0.0523068
Input-Hidden -0.359114 -0.492569 0.00197735
Input-Hidden -0.0573903 -0.252241 0.124255
Input-Hidden 0.321474 0.239041 -0.400906
Input-Hidden 0.464639 0.104507 -0.484962
Input-Hidden -0.0871875 -0.195678 0.37092
Input-Hidden -0.214351 0.301609 -0.470504
Input-Hidden -0.497907 0.475105 0.36659
Input-Hidden 0.22908 -0.159152 -0.0966841
Input-Hidden 0.165474 -0.439965 -0.056512
Input-Hidden -0.241274 0.297047 -0.0154013
Input-Hidden 0.0889986 -0.167657 -0.380026
Input-Hidden 0.315164 0.394413 0.0954629
Input-Hidden -0.361198 -0.400556 0.431092
Input-Hidden -0.321937 0.174656 -0.223591
Input-Hidden -0.123841 0.432863 0.0880945
Input-Hidden -0.224645 -0.315331 -0.195462
Input-Hidden 0.434251 -0.142839 0.236425
Input-Hidden 0.35368 -0.284508 -0.0920841
Input-Hidden 0.327035 0.454894 0.0081096
Input-Hidden -0.0219162 -0.132807 0.226028
Input-Hidden 0.362878 -0.105843 -0.166597
Input-Hidden 0.317277 0.0836783 -0.473564
Input-Hidden -0.419959 0.470703 0.0843584
Input-Hidden 0.0288508 -0.196937 0.0750316
Input-Hidden -0.272742 0.370239 0.0799634
Input-Hidden 0.00254505 -0.0166008 -0.443254
Input-Hidden 0.289607 0.452821 0.208284
Input-Hidden 0.390665 -0.315233 0.0431217
Input-Hidden 0.304293 0.237068 -0.376125
Input-Hidden 0.347704 -0.0769858 -0.479198
Input-Hidden 0.15322 0.383497 -0.406377
Input-Hidden 0.434045 -0.339063 0.278319
Input-Hidden 0.276693 0.384496 -0.187112
Input-Hidden -0.26288 -0.199103 0.00535239
Input-Hidden 0.0267082 0.464551 -0.0711275
Input-Hidden -0.327307 0.352754 0.245155
Input-Hidden -0.104192 0.276213 -0.359903
Input-Hidden -0.279402 -0.402731 0.070368
Input-Hidden 0.37697 -0.103092 0.103461
Input-Hidden -0.463358 -0.00700451 -0.289924
Input-Hidden -0.147438 -0.346198 -0.455724
Input-Hidden 0.394929 -0.210292 0.242712
Input-Hidden 0.159305 0.0621185 0.251707
Input-Hidden 0.294149 0.101137 0.0428458
Input-Hidden -0.0806647 -0.463015 0.226284
Input-Hidden -0.0327405 -0.0617889 0.272154
Input-Hidden 0.436111 0.365717 0.346905
Input-Hidden -0.187487 0.500258 -0.510071
Input-Hidden 0.39741 -0.217956 -0.0834662
Input-Hidden -0.390599 0.291866 -0.35656
Input-Hidden 0.28936 0.439312 0.405969
Input-Hidden -0.0337217 -0.364767 -0.261804
Input-Hidden 0.0399454 0.342688 0.389392
Input-Hidden -0.0951067 -0.485959 -0.274929
Input-Hidden 0.390497 -0.332265 -0.337461
Input-Hidden 0.192248 -0.116349 0.27482
Input-Hidden -0.292671 -0.350152 -0.141756
Input-Hidden -0.0483571 -0.10868 -0.423404
Input-Hidden 0.0947834 0.340146 0.168558
Input-Hidden 0.445262 -0.308468 0.260487
Input-Hidden 0.132698 -0.0979599 -0.281653
Input-Hidden 0.214372 -0.255846 0.0465258
Input-Hidden -0.0612807 -0.0114053 -0.460002
Input-Hidden 0.318612 -0.287358 -0.24342
Input-Hidden 0.322925 0.0892859 -0.40065
Input-Hidden 0.212817 0.441784 0.166587
Input-Hidden -0.161743 0.0644077 -0.224426
Input-Hidden 0.434015 0.12242 -0.208352
Input-Hidden 0.341193 0.347036 0.0208221
Input-Hidden -0.398628 -0.137821 0.0208127
Input-Hidden -0.0174386 0.00115674 0.083131
Input-Hidden 0.130474 -0.169141 0.454225
Input-Hidden -0.258702 0.448475 -0.0824773
Input-Hidden 0.0706549 -0.284809 0.391931
Input-Hidden -0.0965446 0.52563 -0.255911
Input-Hidden -0.203011 -0.398343 -0.314241
Input-Hidden -0.347402 0.106233 -0.505799
Input-Hidden -0.4458 0.376916 0.292981
Input-Hidden -0.441678 0.0128045 -0.256003
Input-Hidden -0.48849 0.396165 -0.427245
Input-Hidden 0.243755 -0.38413 0.136908
Input-Hidden 0.401489 -0.186212 -0.0950249
Input-Hidden -0.409086 0.503485 0.0305835
Input-Hidden -0.213311 -0.0637321 0.399494
Input-Hidden -0.0526984 0.244926 0.384236
Input-Hidden -0.474908 0.300803 -0.417839
Input-Hidden -0.196942 0.292135 0.163209
Input-Hidden 0.0476141 -0.449883 -0.00329275
Input-Hidden 0.303962 -0.15004 -0.429276
Input-Hidden -0.0457011 0.111296 0.171185
Input-Hidden -0.462933 0.115244 -0.173455
Input-Hidden 0.149737 0.198218 0.373652
Input-Hidden 0.00463494 0.0276778 -0.432105
Input-Hidden 0.265734 -0.264632 -0.0948284
Input-Hidden 0.128744 0.382013 0.16771
Input-Hidden -0.0734398 -0.319949 0.41473
Input-Hidden 0.0701545 -0.0954223 0.137434
Input-Hidden 0.321772 -0.225098 -0.105096
Input-Hidden 0.0255411 0.231658 0.173248
Input-Hidden -0.228918 0.238292 0.343861
Input-Hidden -0.282534 -0.381492 0.380706
Input-Hidden -0.043557 -0.451111 -0.237119
Input-Hidden 0.215376 -0.0718771 -0.370155
Input-Hidden 0.0113917 0.417601 -0.430226
Input-Hidden -0.296219 0.278174 -0.257911
Input-Hidden -0.161354 -0.0213729 0.371574
Input-Hidden -0.18192 0.0720668 0.141098
Input-Hidden 0.289392 -0.128923 -0.312751
Input-Hidden 0.432091 -0.253111 -0.473503
Input-Hidden -0.0259613 0.0615343 -0.212601
Input-Hidden -0.269857 0.0277382 -0.0151128
Input-Hidden -0.0508295 0.0771122 -0.368521
Input-Hidden 0.181675 -0.503772 0.229073
Input-Hidden 0.473188 -0.221181 -0.0998588
Input-Hidden 0.441932 0.0131383 0.48406
Input-Hidden -0.227319 -0.222474 -0.172049
Input-Hidden -0.501986 -0.331345 0.239428
Input-Hidden -0.487447 -0.0993187 0.395175
Input-Hidden -0.493469 0.315829 0.317476
Input-Hidden 0.454761 -0.098396 -0.316955
Input-Hidden -0.120038 -0.379296 0.0255972
Input-Hidden 0.338067 0.450514 -0.308358
Input-Hidden 0.400988 0.385143 0.161816
Input-Hidden -0.443428 -0.00966172 -0.22372
Input-Hidden -0.334617 0.189039 0.262077
Input-Hidden -0.0466676 0.160306 0.114646
Input-Hidden 0.232598 -0.282719 -0.148392
Input-Hidden -0.264927 -0.191543 0.359887
Input-Hidden -0.355357 -0.177115 0.317175
Input-Hidden -0.440367 -0.274363 0.287585
Input-Hidden -0.438887 -0.402417 0.117298
Input-Hidden 0.0987253 0.031357 -0.267262
Input-Hidden -0.0891546 -0.155827 0.278798
Input-Hidden 0.357571 0.347493 0.00807904
Input-Hidden 0.332527 -0.378652 -0.324358
Input-Hidden -0.0263284 -0.129591 -0.435801
Input-Hidden -0.388064 0.100622 -0.0358055
Input-Hidden 0.212668 0.311459 -0.12712
Input-Hidden -0.144752 0.0838871 0.253362
Input-Hidden 0.329366 -0.4693 0.11151
Input-Hidden 0.182151 0.112404 0.23754
Input-Hidden -0.218444 -0.145213 0.00463542
Input-Hidden -0.423021 -0.0231043 0.204096
Input-Hidden 0.060868 0.248846 0.382161
Input-Hidden -0.433412 0.110483 -0.0658227
Input-Hidden 0.380388 0.366199 -0.104572
Input-Hidden -0.242461 -0.282939 0.329893
Input-Hidden -0.446941 -0.279965 0.206006
Input-Hidden 0.374321 -0.0927021 -0.0543875
Input-Hidden -0.0475646 0.128161 -0.465757
Input-Hidden 0.262142 -0.333436 0.21646
Input-Hidden 0.257387 -0.00868076 0.0135187
Input-Hidden -0.023484 0.152635 0.452836
Input-Hidden 0.193303 0.383315 0.511773
Input-Hidden 0.160309 0.0851181 0.131359
Input-Hidden 0.0748715 0.319741 -0.493037
Input-Hidden 0.462681 -0.0109155 -0.241403
Input-Hidden 0.151543 0.374407 0.345043
Input-Hidden 0.227237 -0.116851 -0.31438
Input-Hidden 0.274514 0.206885 0.0332132
Input-Hidden -0.454988 0.241161 -0.34734
Input-Hidden 0.470824 -0.260231 -0.280999
Input-Hidden 0.447714 -0.0468142 -0.116936
Input-Hidden 0.475258 0.157647 -0.30902
Input-Hidden -0.342872 -0.285476 0.359251
Input-Hidden -0.136155 0.0277192 0.17336
Input-Hidden 0.0143249 -0.199521 -0.17319
Input-Hidden 0.00716105 0.107435 0.369333
Input-Hidden -0.392926 0.330559 0.0408564
Input-Hidden -0.203849 -0.0670059 -0.109054
Input-Hidden 0.121655 0.0375309 0.274479
Input-Hidden 0.212831 0.462386 -0.0136038
Input-Hidden -0.370681 -0.204259 -0.421471
Input-Hidden -0.0567756 -0.309765 -0.155596
Input-Hidden 0.348724 0.0923638 0.377341
Input-Hidden 0.00975233 0.419642 -0.0156499
Input-Hidden -0.0391545 -0.367949 0.433969
Input-Hidden 0.410603 0.406459 0.149468
Input-Hidden -0.468802 -0.432891 0.455076
Input-Hidden 0.509535 -0.384675 -0.29538
Input-Hidden 0.175716 0.15275 -0.375194
Input-Hidden -0.355402 -0.19292 0.264308
Input-Hidden -0.295459 -0.148682 0.00909192
Input-Hidden -0.40471 -0.355834 0.173983
Input-Hidden 0.265881 0.133089 0.466596
Input-Hidden 0.426576 -0.0120955 0.0579658
Input-Hidden -0.420954 0.286353 0.169573
Input-Hidden -0.121761 -0.259421 -0.42887
Input-Hidden 0.496912 0.0121216 -0.00191186
Input-Hidden -0.102413 -0.0736623 -0.288738
Input-Hidden 0.493626 -0.467566 0.413687
Input-Hidden 0.205533 -0.159611 0.212169
Input-Hidden 0.399523 0.116981 0.0174463
Input-Hidden 0.246275 -0.0299853 0.477947
Input-Hidden -0.375238 0.410332 -0.0725608
Input-Hidden 0.465757 -0.289509 -0.294319
Input-Hidden 0.290795 -0.0115793 0.126631
Input-Hidden -0.293601 -0.446361 0.136537
Input-Hidden 0.303676 -0.0413188 0.322832
Input-Hidden 0.0296468 -0.0029815 0.123503
Input-Hidden -0.0840362 -0.0432701 -0.224531
Input-Hidden -0.173426 -0.190148 0.324169
Input-Hidden -0.301351 -0.276139 -0.395727
Input-Hidden -0.158162 -0.0385515 0.185917
Input-Hidden 0.201407 0.400803 0.446705
Input-Hidden -0.326367 -0.314766 -0.295624
Input-Hidden -0.422704 0.458334 0.0315563
Input-Hidden -0.187748 0.0763588 -0.268474
Input-Hidden -0.0559016 -0.17768 0.209847
Input-Hidden -0.394625 0.382888 -0.0651554
Input-Hidden -0.480933 -0.174784 -0.21957
Input-Hidden 0.359688 -0.232472 0.100843
Input-Hidden -0.0319524 -0.306877 0.14766
Input-Hidden 0.368508 -0.000123845 0.143172
Input-Hidden 0.33694 0.3465 0.0457845
Input-Hidden 0.147501 -0.224705 0.216632
Input-Hidden -0.513339 -0.14942 0.0212826
Input-Hidden -0.451423 0.103813 -0.349849
Input-Hidden -0.205635 -0.438952 0.422549
Input-Hidden 0.424122 0.320808 -0.43984
Input-Hidden 0.38997 -0.0596618 -0.28758
Input-Hidden -0.523654 -0.475944 -0.197779
Input-Hidden -0.339558 0.171207 0.294695
Input-Hidden -0.0703804 -0.301544 -0.285237
Input-Hidden -0.246402 0.0105465 0.481633
Input-Hidden -0.350105 0.29274 -0.311238
Input-Hidden -0.30942 0.429104 -0.361599
Input-Hidden 0.0617721 0.227826 -0.0577683
Input-Hidden -0.244363 0.452317 -0.070721
Input-Hidden 0.457941 0.0185974 0.317521
Input-Hidden -0.278822 0.377241 0.0910844
Input-Hidden 0.0190405 0.338216 0.241794
Input-Hidden -0.0586474 -0.508711 0.384808
Input-Hidden 0.334511 -0.456262 0.103121
Input-Hidden 0.324111 0.299685 -0.421499
Input-Hidden 0.433562 -0.20784 0.169621
Input-Hidden -0.161317 -0.362239 -0.484456
Input-Hidden 0.344129 0.163556 0.409512
Input-Hidden 0.0999465 -0.0245172 0.263078
Input-Hidden -0.453475 -0.367985 0.222362
Input-Hidden 0.341927 -0.0339024 0.213682
Input-Hidden -0.162012 0.453045 -0.420044
Input-Hidden 0.461884 0.0681287 0.427295
Input-Hidden 0.452349 -0.0777237 0.0317068
Input-Hidden -0.436932 -0.134836 0.360678
Input-Hidden 0.330617 -0.0786191 0.360627
Input-Hidden -0.457646 0.283267 -0.26973
Input-Hidden 0.148755 0.0538056 -0.0827098
Input-Hidden -0.238564 0.0412498 -0.345342
Input-Hidden 0.172448 0.1045 -0.10351
Input-Hidden 0.351905 -0.4176 -0.394783
Input-Hidden -0.134742 0.494701 -0.0365554
Input-Hidden -0.457341 0.45534 -0.3587
Input-Hidden -0.371221 0.00499455 -0.0891679
Input-Hidden 0.0297717 0.00530663 0.477005
Input-Hidden 0.326278 -0.458043 0.0261657
Input-Hidden -0.221548 -0.116825 -0.0551338
Input-Hidden -0.299436 0.106921 -0.0704239
Input-Hidden -0.498706 -0.360273 -0.129857
Input-Hidden 0.00116442 -0.431118 -0.45709
Input-Hidden -0.229851 -0.0827844 0.143045
Input-Hidden -0.0977738 -0.26144 -0.357601
Input-Hidden 0.191101 0.113483 -0.25852
Input-Hidden 0.105954 -0.233682 -0.450872
Input-Hidden 0.304972 -0.0360019 -0.443721
Input-Hidden 0.193805 0.383478 0.255553
Input-Hidden -0.0855148 0.082045 -0.0630645
Input-Hidden -0.0534521 0.062129 0.371003
Input-Hidden 0.30694 0.164101 -0.487999
Input-Hidden -0.0493976 0.47137 -0.393055
Input-Hidden -0.492147 0.184975 0.116669
Input-Hidden -0.482879 0.273604 -0.501392
Input-Hidden 0.255001 -0.21658 -0.0932574
Input-Hidden -0.158644 0.36453 -0.475292
Input-Hidden 0.11755 0.0347265 -0.209057
Input-Hidden -0.193769 0.102859 0.0430663
Input-Hidden -0.41003 -0.0963819 0.153813
Input-Hidden 0.124355 -0.168247 -0.256264
Input-Hidden -0.109681 -0.404204 -0.0628314
Input-Hidden -0.426648 0.108598 0.0788958
Input-Hidden 0.218819 -0.00770848 0.192226
Input-Hidden -0.497357 0.0629592 0.285591
Input-Hidden 0.47856 0.349511 0.408027
Input-Hidden -0.0944711 0.052609 0.0924805
Input-Hidden 0.0349671 0.228159 0.460616
Input-Hidden 0.22829 0.372025 -0.274827
Input-Hidden 0.207566 0.0287119 -0.323504
Input-Hidden -0.0251787 0.114027 -0.371332
Input-Hidden 0.408013 0.321279 0.361771
Input-Hidden -0.176067 -0.447437 -0.508348
Input-Hidden -0.359229 -0.00795497 -0.51281
Input-Hidden 0.383103 0.0549599 0.285084
Input-Hidden -0.426045 0.225036 -0.0732268
Input-Hidden 0.189331 0.0758641 -0.379122
Input-Hidden -0.0194072 -0.00368191 0.465123
Input-Hidden 0.24287 -0.123486 -0.0405829
Input-Hidden -0.253538 -0.0776613 0.341398
Input-Hidden 0.0510603 0.218343 -0.176311
Input-Hidden 0.157788 -0.263956 0.450447
Input-Hidden -0.19612 0.300584 -0.0574103
Input-Hidden -0.0384015 -0.28785 0.0176841
Input-Hidden 0.387434 0.257001 0.153263
Input-Hidden -0.492886 -0.465386 0.0588238
Input-Hidden -0.141244 0.234396 -0.277029
Input-Hidden -0.249757 -0.337166 0.00461644
Input-Hidden 0.0205708 -0.410006 0.152212
Input-Hidden -0.0468068 -0.115337 0.248419
Input-Hidden -0.260525 -0.127846 0.26501
Input-Hidden 0.0562212 0.237536 0.0963336
Input-Hidden 0.400797 0.282997 0.46153
Input-Hidden 0.368802 0.023152 0.221293
Input-Hidden -0.492038 0.464362 -0.126132
Input-Hidden 0.138522 -0.446352 -0.132444
Input-Hidden -0.488298 -0.269563 0.326417
Input-Hidden 0.267763 0.188817 -0.35307
Input-Hidden -0.369894 0.263127 -0.0991799
Input-Hidden 0.400993 0.0536004 -0.42812
Input-Hidden 0.408537 -0.186466 0.452092
Input-Hidden 0.0711943 0.0791661 0.156334
Input-Hidden -0.406316 0.0561255 0.380735
Input-Hidden -0.0837747 0.406132 0.257731
Input-Hidden 0.414006 0.392195 -0.154864
Input-Hidden -0.417797 -0.261917 0.482165
Input-Hidden -0.083814 0.393103 -0.206072
Input-Hidden 0.219251 0.231146 0.487324
Input-Hidden -0.224479 -0.378278 0.329065
Input-Hidden -0.131409 -0.351604 0.213742
Input-Hidden -0.386902 0.144324 -0.153596
Input-Hidden 0.130794 0.482955 0.178901
Input-Hidden 0.250546 -0.369032 -0.181787
Input-Hidden -0.335206 0.188977 0.0647445
Input-Hidden -0.058225 0.448484 -0.196198
Input-Hidden -0.214829 0.0426115 0.490307
Input-Hidden 0.0507517 0.235793 -0.380511
Input-Hidden 0.194312 0.233817 0.184486
Input-Hidden -0.245984 -0.400191 0.349436
Input-Hidden 0.15312 0.422729 -0.290247
Input-Hidden -0.420595 0.225119 -0.120446
Input-Hidden 0.396865 -0.00960761 0.375914
Input-Hidden 0.157378 0.157505 -0.348163
Input-Hidden -0.246222 0.243721 -0.235406
Input-Hidden 0.18313 -0.0664613 0.282367
Input-Hidden 0.438733 0.0680397 -0.170227
Input-Hidden 0.0928818 -0.431433 -0.240826
Input-Hidden 0.0279835 0.0829529 0.372054
Input-Hidden -0.0125958 -0.489935 -0.411452
Input-Hidden -0.139368 -0.349877 0.409572
Input-Hidden -0.180644 -0.244621 0.267979
Input-Hidden 0.125346 -0.34992 -0.459992
Input-Hidden -0.217149 -0.395057 -0.00457611
Input-Hidden 0.120112 -0.296312 0.0139547
Input-Hidden -0.0748091 -0.102304 0.410463
Input-Hidden -0.361718 -0.240283 0.475782
Input-Hidden -0.459901 0.067891 0.406855
Input-Hidden -0.223486 0.400521 0.0767797
Input-Hidden -0.213696 -0.276698 0.427973
Input-Hidden 0.273412 -0.13955 -0.194444
Input-Hidden 0.271755 0.0996746 0.258058
Input-Hidden -0.0865565 0.457598 0.485844
Input-Hidden 0.240977 -0.0310365 -0.295105
Input-Hidden 0.450231 0.273953 -0.109527
Input-Hidden -0.057721 -0.148985 0.29486
Input-Hidden -0.122913 -0.317156 -0.185781
Input-Hidden -0.211625 -0.142786 -0.377566
Input-Hidden 0.439789 -0.0736969 0.32033
Input-Hidden -0.384975 0.280424 0.109239
Input-Hidden 0.339591 0.190027 0.47807
Input-Hidden 0.540085 0.33336 0.209235
Input-Hidden -0.0697218 0.454277 -0.385817
Input-Hidden 0.554096 0.0212583 0.205807
Input-Hidden -0.0522543 -0.0240326 0.0507238
Input-Hidden -0.302726 0.228626 0.110879
Input-Hidden 0.23817 0.30355 -0.268012
Input-Hidden -0.14467 -0.436427 -0.425101
Input-Hidden -0.166646 0.030621 -0.434339
Input-Hidden 0.378637 -0.237075 0.373576
Input-Hidden 0.428782 -0.517563 -0.300062
Input-Hidden 0.487608 0.440271 -0.343503
Input-Hidden 0.124524 -0.386331 -0.215935
Input-Hidden -0.377942 -0.400743 -0.28992
Input-Hidden 0.0393448 -0.127702 -0.436698
Input-Hidden -0.0145877 0.267597 -0.434314
Input-Hidden 0.070331 0.283534 -0.159191
Input-Hidden -0.267053 0.0850201 0.119901
Input-Hidden 0.138122 -0.47129 0.334619
Input-Hidden 0.0768689 -0.330939 -0.353756
Input-Hidden 0.479624 -0.213338 -0.447316
Input-Hidden -0.297472 -0.427762 0.325765
Input-Hidden -0.104762 0.0791979 -0.274662
Input-Hidden 0.490272 0.471964 0.365411
Input-Hidden -0.463901 -0.337199 0.390128
Input-Hidden 0.286625 -0.329253 0.388572
Input-Hidden -0.0692229 0.460411 -0.23497
Input-Hidden 0.123712 -0.25232 0.402194
Input-Hidden 0.204362 -0.276618 -0.054923
Input-Hidden 0.303045 0.313324 -0.156607
Input-Hidden 0.111606 0.245742 -0.318632
Input-Hidden -0.178314 -0.484421 0.0725626
Input-Hidden -0.267198 0.241061 0.252428
Input-Hidden 0.364372 0.385164 0.241108
Input-Hidden -0.365298 -0.293243 -0.338616
Input-Hidden -0.379504 0.443022 0.537008
Input-Hidden -0.280227 -0.160683 0.0538685
Input-Hidden 0.177762 -0.114855 0.03477
Input-Hidden 0.394354 -0.0442654 0.205155
Input-Hidden -0.0719859 0.184682 0.115114
Input-Hidden -0.109505 -0.0211536 0.0519229
Input-Hidden -0.411566 0.315094 -0.239326
Input-Hidden 0.148774 0.189025 0.350774
Input-Hidden 0.353122 0.247616 0.150456
Input-Hidden -0.031472 0.219569 0.136441
Input-Hidden -0.184596 0.263435 -0.392574
Input-Hidden -0.182654 -0.444745 -0.0889158
Input-Hidden 0.0620631 0.436624 0.0172091
Input-Hidden 0.101704 -0.0097346 -0.0663301
Input-Hidden -0.218076 -0.00361369 0.168592
Input-Hidden 0.1107 0.412652 0.532794
Input-Hidden -0.316423 -0.032405 0.0641432
Input-Hidden -0.0973066 0.00599372 0.39463
Input-Hidden -0.047879 -0.110139 0.430121
Input-Hidden 0.165127 -0.171718 0.206102
Input-Hidden -0.115474 -0.29193 0.441659
Input-Hidden -0.150613 0.172613 -0.060238
Input-Hidden -0.0392428 0.444866 0.0536808
Input-Hidden -0.0562406 -0.256497 0.477146
Hidden-Output 2.41559
Hidden-Output -1.46948
Hidden-Output 1.96592
Hidden Biases 0.958972
Hidden Biases -0.373535
Hidden Biases 0.712914
Output Biases -1.10131
